This report is about Jaccard distance between JSupport & other configurarions
This shows how close each configuration is to the minimal set (JSupport)
-------------------------------------------------------------------------------------------------
overall minimum of Jaccard distances among all models is: 0.0
overall maximum of Jaccard distances among all models is: 0.8823529411764706
overall population standard deviation for Jaccard distances among all models is: 0.0340817963521
overall average of Jaccard distances is: 0.103235310308
-------------------------------------------------------------------------------------------------
from different 12configurations:
  - the following settings have the maximum Jaccard distance from JSupport:
      -- z3_both
      -- z3_k_ind

  - the following settings have the minimum Jaccard distance from JSupport:
      -- z3_both
      -- z3_k_ind
      -- z3_pdr
      -- yices_both
      -- yices_k_ind
      -- yices_pdr


-------------------------------------------------------------------------------------------------
for 405 models, the following shows Jaccard distance between JSupport and other settings:

each element in the following lists is related to a model in the benchmarks.


-- z3_both--
[0.0, 0.1, 0.0, 0.25, 0.2, 0.2, 0.0, 0.46, 0.2, 0.0, 0.0, 0.1, 0.2, 0.0, 0.0, 0.0, nan, 0.33, 0.0, 0.0, 0.2, 0.0, 0.0, 0.0, nan, nan, 0.12, 0.0, 0.14, 0.33, 0.0, 0.33, 0.0, nan, 0.0, 0.33, 0.0, 0.0, 0.0, 0.17, 0.22, 0.19, nan, 0.0, 0.2, 0.0, 0.17, 0.0, 0.0, 0.0, 0.25, 0.07, 0.0, nan, 0.22, 0.0, 0.0, 0.0, 0.21, 0.25, 0.33, 0.0, 0.0, 0.0, 0.0, 0.0, 0.44, 0.0, 0.12, 0.0, 0.0, 0.1, 0.0, 0.0, 0.0, 0.2, 0.0, nan, 0.0, 0.0, 0.25, 0.0, 0.25, 0.0, 0.0, 0.0, 0.0, 0.0, 0.0, 0.25, nan, 0.0, 0.0, 0.0, 0.25, 0.0, 0.2, 0.0, 0.0, 0.12, 0.0, 0.0, 0.0, 0.0, 0.0, nan, nan, 0.67, 0.0, 0.0, nan, 0.25, 0.44, 0.0, 0.25, 0.0, 0.0, 0.0, 0.0, 0.39, 0.0, 0.0, 0.14, 0.0, 0.0, 0.0, 0.17, 0.25, 0.2, 0.0, 0.2, 0.0, 0.0, nan, 0.17, 0.2, 0.0, 0.0, nan, 0.2, 0.0, 0.11, 0.11, 0.0, 0.0, 0.33, 0.33, 0.0, 0.44, 0.0, 0.0, 0.67, 0.12, 0.44, 0.17, 0.0, 0.14, 0.14, 0.0, 0.2, 0.0, 0.0, 0.0, 0.0, 0.29, 0.0, 0.0, 0.2, 0.2, 0.0, 0.18, 0.33, 0.0, 0.2, 0.0, 0.08, 0.0, 0.0, 0.2, 0.0, 0.0, 0.0, 0.44, 0.0, 0.0, 0.14, 0.0, 0.1, 0.14, 0.0, 0.0, 0.0, 0.17, 0.33, 0.2, 0.0, 0.0, 0.2, 0.0, 0.0, 0.0, 0.0, 0.17, 0.08, 0.22, 0.0, 0.0, 0.2, 0.0, 0.0, 0.0, 0.0, 0.17, 0.2, nan, 0.2, 0.0, 0.0, 0.0, 0.14, 0.25, 0.0, 0.0, 0.1, 0.33, 0.0, 0.14, 0.1, 0.67, 0.33, 0.1, 0.0, 0.0, 0.0, 0.0, 0.0, 0.0, 0.14, 0.0, 0.67, 0.0, 0.2, 0.0, 0.18, 0.14, 0.67, 0.0, 0.0, 0.0, 0.0, 0.0, nan, 0.0, 0.0, 0.0, 0.14, 0.44, 0.2, 0.0, 0.0, 0.33, 0.0, nan, 0.25, 0.0, 0.0, 0.0, 0.0, 0.67, 0.21, 0.14, 0.0, 0.0, 0.0, 0.33, 0.0, 0.0, 0.14, 0.17, 0.17, 0.0, 0.44, 0.2, 0.25, 0.0, 0.22, 0.0, 0.0, 0.0, 0.2, 0.12, 0.0, 0.0, 0.0, 0.33, 0.0, 0.0, 0.17, nan, 0.0, 0.0, 0.0, 0.0, 0.0, 0.12, 0.25, 0.04, 0.0, 0.0, 0.0, 0.0, 0.0, 0.33, 0.0, 0.0, 0.0, 0.0, 0.0, 0.0, 0.0, 0.7, 0.0, 0.0, 0.5, 0.13, 0.0, 0.33, 0.0, 0.17, 0.0, 0.14, 0.18, 0.33, 0.17, 0.17, 0.0, 0.14, 0.14, 0.14, 0.0, 0.0, 0.0, 0.25, 0.0, 0.25, 0.25, 0.0, 0.0, 0.17, nan, 0.0, 0.0, 0.25, 0.0, 0.0, 0.1, 0.0, 0.2, 0.0, 0.0, 0.11, 0.0, 0.44, 0.0, 0.0, 0.0, 0.5, 0.2, 0.43, 0.0, 0.0, 0.0, 0.43, 0.0, 0.0, 0.88, 0.1, 0.0, 0.14, 0.2, 0.25, 0.0, nan, 0.0, 0.0, 0.15, 0.6, 0.12, 0.0, 0.0, 0.44, 0.0, 0.12, 0.0, 0.14, 0.43, 0.09, 0.33, 0.0, 0.0, 0.0, 0.0, 0.15, 0.17, 0.44]


-- z3_k_ind--
[0.0, 0.1, 0.0, 0.25, 0.2, 0.2, 0.0, nan, 0.2, 0.0, 0.0, nan, 0.2, nan, nan, 0.0, nan, 0.33, 0.0, 0.0, 0.2, 0.0, nan, 0.0, nan, nan, nan, nan, nan, 0.33, nan, 0.33, 0.0, nan, 0.0, 0.33, nan, 0.0, 0.0, 0.17, nan, nan, nan, 0.0, nan, nan, 0.17, nan, 0.0, nan, 0.25, nan, 0.0, nan, 0.22, 0.0, 0.0, 0.0, nan, 0.25, 0.33, 0.0, 0.0, 0.0, 0.0, 0.0, 0.44, nan, nan, 0.0, 0.0, 0.1, 0.0, 0.0, 0.0, nan, nan, nan, nan, nan, 0.25, 0.0, 0.25, 0.0, nan, nan, 0.0, 0.0, nan, 0.25, nan, 0.0, 0.0, 0.0, 0.25, 0.0, 0.2, 0.0, 0.0, nan, 0.0, nan, 0.0, 0.0, nan, nan, nan, 0.67, nan, 0.0, nan, 0.25, 0.44, 0.0, 0.25, 0.0, nan, 0.0, 0.0, 0.39, 0.0, 0.0, nan, 0.0, nan, 0.0, nan, 0.25, nan, 0.0, 0.2, 0.0, 0.0, nan, 0.17, 0.2, nan, 0.0, nan, 0.2, 0.0, 0.11, 0.11, nan, 0.0, 0.33, 0.33, 0.0, 0.44, nan, 0.0, 0.67, 0.12, 0.44, 0.17, 0.0, 0.14, nan, 0.0, 0.2, 0.0, 0.0, 0.0, nan, 0.29, nan, 0.0, nan, 0.2, nan, nan, 0.33, nan, 0.2, 0.0, nan, nan, 0.0, 0.2, 0.0, 0.0, 0.0, 0.44, 0.0, nan, nan, 0.0, 0.1, 0.14, nan, 0.0, 0.0, 0.17, 0.33, nan, nan, nan, 0.2, 0.0, 0.0, 0.0, nan, 0.17, 0.08, nan, 0.0, 0.0, 0.2, 0.0, 0.0, 0.0, 0.0, 0.17, nan, nan, 0.2, 0.0, 0.0, nan, 0.14, 0.25, 0.0, 0.0, 0.1, 0.33, 0.0, nan, 0.1, 0.67, 0.33, 0.1, 0.0, 0.0, 0.0, 0.0, 0.0, 0.0, 0.14, 0.0, 0.67, nan, 0.2, 0.0, nan, nan, 0.67, 0.0, nan, 0.0, 0.0, 0.0, nan, 0.0, 0.0, 0.0, nan, 0.44, 0.2, 0.0, nan, 0.33, nan, nan, nan, 0.0, nan, 0.0, 0.0, 0.67, nan, nan, nan, 0.0, 0.0, 0.33, nan, 0.0, nan, 0.17, 0.17, 0.0, 0.44, 0.2, 0.25, 0.0, nan, 0.0, 0.0, 0.0, nan, nan, 0.0, 0.0, nan, 0.33, 0.0, 0.0, 0.17, nan, 0.0, nan, nan, nan, 0.0, nan, 0.25, 0.04, 0.0, 0.0, nan, 0.0, 0.0, 0.33, nan, 0.0, 0.0, 0.0, 0.0, 0.0, 0.0, nan, 0.0, 0.0, 0.5, nan, 0.0, 0.33, 0.0, 0.17, 0.0, nan, nan, 0.33, 0.17, 0.17, nan, nan, 0.14, nan, nan, 0.0, 0.0, 0.25, 0.0, 0.25, 0.25, nan, 0.0, nan, nan, nan, 0.0, 0.25, 0.0, 0.0, 0.1, 0.0, 0.2, 0.0, 0.0, 0.11, 0.0, 0.44, nan, 0.0, 0.0, 0.5, 0.2, 0.43, 0.0, 0.0, 0.0, 0.43, 0.0, nan, 0.88, 0.1, 0.0, nan, 0.2, 0.25, 0.0, nan, 0.0, 0.0, 0.15, 0.6, 0.12, 0.0, nan, 0.44, 0.0, 0.12, nan, 0.14, 0.43, nan, 0.33, nan, nan, 0.0, 0.0, nan, 0.17, 0.44]


-- z3_pdr--
[0.0, 0.1, 0.0, 0.25, 0.2, 0.2, 0.0, 0.46, 0.2, 0.0, 0.0, 0.1, 0.2, 0.0, 0.0, 0.0, nan, 0.33, 0.0, 0.0, 0.2, 0.0, 0.0, 0.0, nan, nan, 0.5, 0.0, 0.14, 0.33, 0.0, 0.33, 0.0, nan, 0.0, 0.33, 0.0, 0.0, 0.0, 0.17, 0.22, 0.07, nan, 0.0, 0.2, 0.0, 0.17, 0.0, 0.0, 0.0, 0.0, 0.07, 0.0, nan, 0.22, 0.0, 0.0, 0.0, 0.15, 0.25, 0.33, 0.0, 0.0, 0.0, 0.0, 0.0, 0.44, 0.0, 0.12, 0.0, 0.0, 0.1, 0.0, 0.0, 0.0, 0.14, 0.0, nan, 0.0, 0.0, 0.25, 0.0, 0.25, 0.0, 0.0, 0.0, 0.0, 0.0, 0.0, 0.25, nan, 0.0, 0.0, 0.0, 0.25, 0.0, 0.2, 0.0, 0.0, 0.12, 0.0, 0.0, 0.0, 0.0, 0.0, nan, nan, 0.67, 0.0, 0.0, nan, 0.25, 0.33, 0.0, 0.25, 0.0, 0.0, 0.0, 0.0, 0.39, 0.0, 0.0, 0.14, 0.0, 0.0, 0.0, 0.17, 0.25, 0.2, 0.0, 0.2, 0.0, 0.0, nan, 0.17, 0.2, 0.0, 0.0, nan, 0.2, 0.0, 0.11, 0.11, 0.0, 0.0, 0.33, 0.33, 0.0, 0.22, 0.0, 0.0, 0.67, 0.12, 0.44, 0.17, 0.0, 0.14, 0.14, 0.0, 0.2, 0.0, 0.0, 0.0, 0.0, 0.29, 0.0, 0.0, 0.14, 0.2, 0.0, 0.26, 0.33, 0.0, 0.2, 0.0, 0.25, 0.0, 0.0, 0.2, 0.0, 0.0, 0.0, 0.33, 0.0, 0.0, 0.14, 0.0, 0.1, 0.14, 0.0, 0.0, 0.0, 0.17, 0.33, 0.2, 0.0, 0.0, 0.2, 0.0, 0.0, 0.0, 0.0, 0.17, 0.08, 0.18, 0.0, 0.0, 0.2, 0.0, 0.0, 0.0, 0.0, 0.17, 0.2, nan, 0.2, 0.0, 0.0, 0.0, 0.14, 0.25, 0.0, 0.0, 0.1, 0.33, 0.0, 0.14, 0.1, 0.67, 0.33, 0.1, 0.0, 0.0, 0.0, 0.0, 0.0, 0.0, 0.14, 0.0, 0.67, 0.0, 0.2, 0.0, 0.22, 0.14, 0.67, 0.0, 0.0, 0.0, 0.0, 0.0, nan, 0.0, 0.0, 0.0, 0.14, 0.17, 0.2, 0.0, 0.0, 0.33, 0.18, nan, 0.25, 0.0, 0.0, 0.0, 0.0, 0.67, 0.21, 0.2, 0.0, 0.0, 0.0, 0.33, 0.0, 0.0, 0.14, 0.17, 0.72, 0.0, 0.33, 0.2, 0.25, 0.0, 0.22, 0.0, 0.0, 0.0, 0.2, 0.12, 0.0, 0.0, 0.0, 0.33, 0.0, 0.0, 0.17, nan, 0.0, 0.0, 0.0, 0.0, 0.0, 0.22, 0.25, 0.04, 0.0, 0.0, 0.0, 0.0, 0.0, 0.33, 0.0, 0.0, 0.0, 0.0, 0.0, 0.0, 0.0, 0.0, 0.0, 0.0, 0.5, 0.13, 0.0, 0.33, 0.0, 0.17, 0.0, 0.2, 0.18, 0.33, 0.17, 0.17, 0.0, 0.14, 0.14, 0.14, 0.0, 0.0, 0.0, 0.25, 0.0, 0.25, 0.25, 0.0, 0.0, 0.17, nan, 0.0, 0.0, 0.25, 0.0, 0.0, 0.1, 0.0, 0.2, 0.0, 0.0, 0.11, 0.0, 0.38, 0.0, 0.0, 0.0, 0.5, 0.2, 0.0, 0.0, 0.0, 0.0, 0.0, 0.0, 0.0, 0.88, 0.1, 0.0, 0.14, 0.2, 0.25, 0.0, nan, 0.0, 0.0, 0.15, 0.6, 0.12, 0.0, 0.0, 0.33, 0.0, 0.12, 0.0, 0.14, 0.0, 0.23, 0.4, 0.0, 0.0, 0.0, 0.0, 0.21, 0.17, 0.44]


-- yices_both--
[0.0, 0.1, 0.0, 0.25, 0.2, 0.2, 0.0, 0.46, 0.2, 0.0, 0.0, 0.1, 0.2, 0.0, 0.0, 0.0, nan, 0.33, 0.0, 0.0, 0.2, 0.0, 0.0, 0.0, nan, nan, 0.12, 0.0, 0.2, 0.33, 0.0, 0.33, 0.0, nan, 0.0, 0.33, 0.0, 0.0, 0.0, 0.17, 0.22, 0.07, nan, 0.0, 0.14, 0.43, 0.17, 0.0, 0.0, 0.0, 0.0, 0.07, 0.0, nan, 0.22, 0.0, 0.0, 0.0, 0.15, 0.25, 0.33, 0.0, 0.0, 0.0, 0.0, 0.0, 0.44, 0.0, 0.12, 0.0, 0.0, 0.1, 0.0, 0.0, 0.0, 0.14, 0.0, nan, 0.0, 0.0, 0.25, 0.0, 0.25, 0.0, 0.0, 0.0, 0.0, 0.0, 0.0, 0.25, nan, 0.0, 0.0, 0.0, 0.25, 0.0, 0.2, 0.0, 0.0, 0.12, 0.0, 0.0, 0.0, 0.0, 0.0, nan, nan, 0.67, 0.0, 0.0, nan, 0.25, 0.44, 0.0, 0.25, 0.0, 0.0, 0.0, 0.0, 0.39, 0.0, 0.0, 0.14, 0.0, 0.0, 0.0, 0.17, 0.25, 0.08, 0.0, 0.2, 0.0, 0.0, nan, 0.17, 0.2, 0.0, 0.0, nan, 0.2, 0.0, 0.11, 0.11, 0.0, 0.0, 0.33, 0.33, 0.0, 0.44, 0.0, 0.0, 0.67, 0.12, 0.44, 0.17, 0.0, 0.14, 0.14, 0.0, 0.2, 0.0, 0.0, 0.0, 0.0, 0.29, 0.0, 0.0, 0.2, 0.2, 0.0, 0.22, 0.33, 0.0, 0.2, 0.0, 0.08, 0.0, 0.0, 0.2, 0.0, 0.0, 0.0, 0.44, 0.0, 0.0, 0.14, 0.0, 0.1, 0.14, 0.0, 0.0, 0.0, 0.17, 0.33, 0.2, 0.0, 0.0, 0.2, 0.0, 0.0, 0.0, 0.0, 0.17, 0.08, 0.22, 0.0, 0.0, 0.2, 0.0, 0.0, 0.0, 0.0, 0.17, 0.2, nan, 0.2, 0.0, 0.0, 0.0, 0.14, 0.25, 0.0, 0.0, 0.1, 0.33, 0.0, 0.14, 0.1, 0.67, 0.33, 0.1, 0.0, 0.0, 0.0, 0.0, 0.0, 0.0, 0.14, 0.0, 0.67, 0.0, 0.2, 0.0, 0.22, 0.14, 0.67, 0.0, 0.0, 0.0, 0.0, 0.0, nan, 0.0, 0.0, 0.0, 0.14, 0.44, 0.2, 0.0, 0.0, 0.33, 0.0, nan, 0.25, 0.0, 0.0, 0.0, 0.0, 0.67, 0.21, 0.14, 0.0, 0.0, 0.0, 0.33, 0.0, 0.0, 0.14, 0.17, 0.17, 0.0, 0.44, 0.2, 0.25, 0.0, 0.22, 0.0, 0.0, 0.0, 0.2, 0.12, 0.0, 0.0, 0.0, 0.33, 0.0, 0.0, 0.17, nan, 0.0, 0.0, 0.0, 0.0, 0.0, 0.12, 0.25, 0.04, 0.0, 0.0, 0.0, 0.0, 0.0, 0.0, 0.0, 0.0, 0.0, 0.0, 0.0, 0.0, 0.0, 0.0, 0.0, 0.0, 0.33, 0.13, 0.0, 0.33, 0.0, 0.17, 0.0, 0.2, 0.18, 0.33, 0.17, 0.17, 0.0, 0.14, 0.14, 0.14, 0.0, 0.0, 0.0, 0.25, 0.0, 0.25, 0.25, 0.0, 0.0, 0.17, nan, 0.0, 0.0, 0.25, 0.0, 0.0, 0.1, 0.0, 0.2, 0.0, 0.0, 0.11, 0.0, 0.44, 0.0, 0.0, 0.0, 0.5, 0.2, 0.43, 0.0, 0.0, 0.0, 0.43, 0.0, 0.0, 0.88, 0.1, 0.0, 0.14, 0.2, 0.25, 0.0, nan, 0.0, 0.0, 0.15, 0.6, 0.12, 0.0, 0.0, 0.44, 0.0, 0.12, 0.0, 0.14, 0.43, 0.23, 0.33, 0.0, 0.0, 0.0, 0.0, 0.21, 0.17, 0.44]


-- yices_k_ind--
[0.0, 0.1, 0.0, 0.25, 0.2, 0.2, 0.0, nan, 0.2, 0.0, 0.0, nan, 0.2, nan, nan, 0.0, nan, 0.33, 0.0, 0.0, 0.2, 0.0, nan, 0.0, nan, nan, nan, nan, nan, 0.33, nan, 0.33, 0.0, nan, 0.0, 0.33, nan, 0.0, 0.0, 0.17, nan, nan, nan, 0.0, nan, nan, 0.17, nan, 0.0, nan, 0.0, nan, 0.0, nan, 0.22, 0.0, 0.0, 0.0, nan, 0.25, 0.33, 0.0, 0.0, 0.0, 0.0, 0.0, 0.44, nan, nan, 0.0, 0.0, 0.1, 0.0, 0.0, 0.0, nan, nan, nan, nan, nan, 0.25, 0.0, 0.25, 0.0, nan, nan, 0.0, 0.0, nan, 0.25, nan, 0.0, 0.0, 0.0, 0.25, 0.0, 0.2, 0.0, 0.0, nan, 0.0, nan, 0.0, 0.0, nan, nan, nan, 0.67, nan, 0.0, nan, 0.25, 0.44, 0.0, 0.25, 0.0, nan, 0.0, 0.0, 0.39, 0.0, 0.0, nan, 0.0, nan, 0.0, nan, 0.25, nan, 0.0, 0.2, 0.0, 0.0, nan, 0.17, 0.2, nan, 0.0, nan, 0.2, 0.0, 0.11, 0.11, nan, 0.0, 0.33, 0.33, 0.0, 0.44, nan, 0.0, 0.67, 0.12, 0.44, 0.17, 0.0, 0.14, nan, 0.0, 0.2, 0.0, 0.0, 0.0, nan, 0.29, nan, 0.0, nan, 0.2, nan, nan, 0.33, nan, 0.2, 0.0, nan, nan, 0.0, 0.2, 0.0, 0.0, 0.0, 0.44, 0.0, nan, nan, 0.0, 0.1, 0.14, nan, 0.0, 0.0, 0.17, 0.33, nan, nan, nan, 0.2, 0.0, 0.0, 0.0, nan, 0.17, 0.08, nan, 0.0, 0.0, 0.2, 0.0, 0.0, 0.0, 0.0, 0.17, nan, nan, 0.2, 0.0, 0.0, nan, 0.14, 0.25, 0.0, 0.0, 0.1, 0.33, 0.0, nan, 0.1, 0.67, 0.33, 0.1, 0.0, 0.0, 0.0, 0.0, 0.0, 0.0, 0.14, 0.0, 0.67, nan, 0.2, 0.0, nan, nan, 0.67, 0.0, nan, 0.0, 0.0, 0.0, nan, 0.0, 0.0, 0.0, nan, 0.44, 0.2, 0.0, nan, 0.33, nan, nan, nan, 0.0, nan, 0.0, 0.0, 0.67, nan, nan, nan, 0.0, 0.0, 0.33, nan, 0.0, nan, 0.17, 0.17, 0.0, 0.44, 0.2, 0.25, 0.0, nan, 0.0, 0.0, 0.0, nan, nan, 0.0, 0.0, nan, 0.33, 0.0, 0.0, 0.17, nan, 0.0, nan, nan, nan, 0.0, nan, 0.25, 0.04, 0.0, 0.0, nan, 0.0, 0.0, 0.0, nan, 0.0, 0.0, 0.0, 0.0, 0.0, 0.0, nan, 0.0, 0.0, 0.33, nan, 0.0, 0.33, 0.0, 0.17, 0.0, nan, nan, 0.33, 0.17, 0.17, nan, nan, 0.14, nan, nan, 0.0, 0.0, 0.25, 0.0, 0.25, 0.25, nan, 0.0, nan, nan, nan, 0.0, 0.25, 0.0, 0.0, 0.1, 0.0, 0.2, 0.0, 0.0, 0.11, 0.0, 0.44, nan, 0.0, 0.0, 0.5, 0.2, 0.43, 0.0, 0.0, 0.0, 0.43, 0.0, nan, 0.88, 0.1, 0.0, nan, 0.2, 0.25, 0.0, nan, 0.0, 0.0, 0.15, 0.6, 0.12, 0.0, nan, 0.44, 0.0, 0.12, nan, 0.14, 0.43, nan, 0.33, nan, nan, 0.0, 0.0, nan, 0.17, 0.44]


-- yices_pdr--
[0.0, 0.1, 0.0, 0.25, 0.2, 0.2, 0.0, 0.46, 0.2, 0.0, 0.0, 0.1, 0.2, 0.0, 0.0, 0.0, nan, 0.33, 0.0, 0.0, 0.2, 0.0, 0.0, 0.0, nan, nan, 0.12, 0.0, 0.25, 0.33, 0.0, 0.33, 0.0, nan, 0.0, 0.33, 0.0, 0.0, 0.0, 0.17, 0.22, 0.07, nan, 0.0, 0.14, 0.0, 0.17, 0.0, 0.0, 0.0, 0.0, 0.07, 0.0, nan, 0.22, 0.0, 0.0, 0.0, 0.15, 0.25, 0.33, 0.0, 0.0, 0.0, 0.0, 0.0, 0.22, 0.0, 0.12, 0.0, 0.0, 0.1, 0.0, 0.0, 0.0, 0.2, 0.0, nan, 0.0, 0.0, 0.25, 0.0, 0.25, 0.0, 0.0, 0.0, 0.0, 0.0, 0.0, 0.25, nan, 0.0, 0.0, 0.0, 0.25, 0.0, 0.2, 0.0, 0.0, 0.12, 0.0, 0.0, 0.0, 0.0, 0.0, nan, nan, 0.67, 0.0, 0.0, nan, 0.25, 0.33, 0.0, 0.25, 0.0, 0.0, 0.0, 0.0, 0.39, 0.0, 0.0, 0.14, 0.0, 0.0, 0.0, 0.17, 0.25, 0.2, 0.0, 0.2, 0.0, 0.0, nan, 0.17, 0.2, 0.0, 0.0, nan, 0.2, 0.0, 0.11, 0.11, 0.0, 0.0, 0.33, 0.33, 0.0, 0.22, 0.0, 0.0, 0.67, 0.12, 0.44, 0.17, 0.0, 0.14, 0.14, 0.0, 0.2, 0.0, 0.0, 0.0, 0.0, 0.29, 0.0, 0.0, 0.14, 0.2, 0.0, 0.12, 0.33, 0.0, 0.2, 0.0, 0.2, 0.0, 0.0, 0.2, 0.0, 0.0, 0.0, 0.33, 0.0, 0.0, 0.14, 0.0, 0.1, 0.14, 0.0, 0.0, 0.0, 0.17, 0.33, 0.2, 0.0, 0.0, 0.2, 0.0, 0.0, 0.0, 0.0, 0.17, 0.08, 0.22, 0.0, 0.0, 0.2, 0.0, 0.0, 0.0, 0.0, 0.17, 0.2, nan, 0.2, 0.0, 0.0, 0.0, 0.14, 0.25, 0.0, 0.0, 0.1, 0.33, 0.0, 0.14, 0.1, 0.67, 0.33, 0.1, 0.0, 0.0, 0.0, 0.0, 0.0, 0.0, 0.14, 0.0, 0.67, 0.0, 0.2, 0.0, 0.18, 0.14, 0.67, 0.0, 0.0, 0.0, 0.0, 0.0, nan, 0.0, 0.0, 0.0, 0.2, 0.17, 0.2, 0.0, 0.0, 0.33, 0.0, nan, 0.25, 0.0, 0.0, 0.0, 0.0, 0.67, 0.21, 0.14, 0.0, 0.0, 0.0, 0.33, 0.0, 0.0, 0.14, 0.17, 0.72, 0.0, 0.33, 0.2, 0.25, 0.0, 0.22, 0.0, 0.0, 0.0, 0.2, 0.12, 0.0, 0.0, 0.0, 0.33, 0.0, 0.0, 0.17, nan, 0.0, 0.0, 0.0, 0.0, 0.0, 0.22, 0.25, 0.04, 0.0, 0.0, 0.0, 0.0, 0.0, 0.0, 0.0, 0.0, 0.0, 0.0, 0.0, 0.0, 0.0, 0.0, 0.0, 0.0, 0.33, 0.13, 0.0, 0.33, 0.0, 0.17, 0.27, 0.14, 0.18, 0.33, 0.17, 0.17, 0.0, 0.2, 0.14, 0.14, 0.0, 0.0, 0.0, 0.25, 0.0, 0.25, 0.25, 0.0, 0.0, 0.17, nan, 0.0, 0.0, 0.25, 0.0, 0.0, 0.1, 0.0, 0.2, 0.0, 0.0, 0.11, 0.0, 0.38, 0.0, 0.0, 0.0, 0.5, 0.2, 0.0, 0.0, 0.0, 0.0, 0.0, 0.0, 0.0, 0.88, 0.1, 0.0, 0.0, 0.2, 0.25, 0.0, nan, 0.0, 0.0, 0.15, 0.6, 0.12, 0.0, 0.0, 0.33, 0.0, 0.12, 0.0, 0.14, 0.0, 0.09, 0.4, 0.0, 0.0, 0.0, 0.0, 0.15, 0.17, 0.44]


-- smtinterpol_both--
[0.0, 0.1, 0.0, 0.25, 0.2, 0.2, 0.0, 0.5, 0.2, 0.0, 0.0, 0.1, 0.2, 0.0, 0.0, 0.0, nan, 0.33, 0.0, 0.0, 0.2, 0.0, 0.0, 0.0, nan, nan, 0.12, 0.0, 0.2, 0.33, 0.0, 0.33, 0.0, nan, 0.0, 0.33, 0.0, 0.0, 0.0, 0.17, 0.22, 0.07, nan, 0.0, 0.14, 0.0, 0.17, 0.0, 0.0, 0.0, 0.0, 0.07, 0.0, nan, 0.22, 0.0, 0.0, 0.0, 0.15, 0.25, 0.33, 0.0, 0.0, 0.0, 0.0, 0.0, 0.44, 0.0, 0.12, 0.0, 0.0, 0.1, 0.0, 0.0, 0.0, 0.08, 0.0, nan, 0.0, 0.0, 0.25, 0.0, 0.25, 0.0, 0.0, 0.0, 0.0, 0.0, 0.0, 0.25, nan, 0.0, 0.0, 0.0, 0.25, 0.0, 0.2, 0.0, 0.0, 0.12, 0.0, 0.0, 0.0, 0.0, 0.0, nan, nan, 0.67, 0.0, 0.0, nan, 0.25, 0.44, 0.0, 0.25, 0.0, 0.0, 0.0, 0.0, 0.14, 0.0, 0.0, 0.14, 0.0, 0.0, 0.0, 0.17, 0.25, 0.2, 0.0, 0.2, 0.0, 0.0, nan, 0.17, 0.2, 0.0, 0.0, nan, 0.2, 0.0, 0.11, 0.11, 0.0, 0.0, 0.33, 0.33, 0.0, 0.44, 0.0, 0.0, 0.67, 0.12, 0.44, 0.17, 0.0, 0.14, 0.14, 0.0, 0.2, 0.0, 0.0, 0.0, 0.0, 0.29, 0.0, 0.0, 0.2, 0.2, 0.0, 0.22, 0.33, 0.0, 0.2, 0.0, 0.14, 0.0, 0.0, 0.2, 0.0, 0.0, 0.0, 0.44, 0.0, 0.0, 0.14, 0.0, 0.1, 0.14, 0.0, 0.0, 0.0, 0.17, 0.33, 0.2, 0.0, 0.0, 0.2, 0.0, 0.0, 0.0, 0.0, 0.17, 0.08, 0.18, 0.0, 0.0, 0.2, 0.0, 0.0, 0.0, 0.0, 0.17, 0.2, nan, 0.2, 0.0, 0.0, 0.0, 0.14, 0.25, 0.0, 0.0, 0.1, 0.33, 0.0, 0.14, 0.1, 0.67, 0.33, 0.1, 0.0, 0.0, 0.0, 0.0, 0.0, 0.0, 0.14, 0.0, 0.67, 0.0, 0.2, 0.0, 0.18, 0.14, 0.67, 0.0, 0.0, 0.0, 0.0, 0.0, nan, 0.0, 0.0, 0.0, 0.14, 0.44, 0.2, 0.0, 0.0, 0.33, 0.18, nan, 0.29, 0.0, 0.0, 0.0, 0.0, 0.67, 0.21, 0.14, 0.0, 0.0, 0.0, 0.33, 0.0, 0.0, 0.14, 0.17, 0.17, 0.0, 0.44, 0.2, 0.25, 0.0, 0.22, 0.0, 0.0, 0.0, 0.2, 0.12, 0.0, 0.0, 0.0, 0.33, 0.0, 0.0, 0.17, nan, 0.0, 0.0, 0.0, 0.0, 0.0, 0.12, 0.25, 0.04, 0.0, 0.0, 0.0, 0.0, 0.0, 0.33, 0.0, 0.0, 0.0, 0.0, 0.0, 0.0, 0.0, 0.0, 0.0, 0.0, 0.33, 0.13, 0.0, 0.33, 0.0, 0.17, 0.0, 0.14, 0.22, 0.33, 0.17, 0.17, 0.0, 0.14, 0.14, 0.14, 0.0, 0.0, 0.0, 0.25, 0.0, 0.25, 0.25, 0.0, 0.0, 0.17, nan, 0.0, 0.0, 0.25, 0.0, 0.0, 0.1, 0.0, 0.2, 0.0, 0.0, 0.11, 0.0, 0.44, 0.0, 0.0, 0.0, 0.5, 0.2, 0.43, 0.0, 0.0, 0.0, 0.43, 0.0, 0.0, 0.88, 0.1, 0.0, 0.0, 0.2, 0.25, 0.0, nan, 0.0, 0.0, 0.4, 0.6, 0.12, 0.0, 0.0, 0.44, 0.0, 0.12, 0.0, 0.14, 0.43, 0.09, 0.33, 0.0, 0.0, 0.0, 0.0, 0.21, 0.17, 0.44]


-- smtinterpol_k_ind--
[0.0, 0.1, 0.0, 0.25, 0.2, 0.2, 0.0, nan, 0.2, 0.0, 0.0, nan, 0.2, nan, nan, 0.0, nan, 0.33, 0.0, 0.0, 0.2, 0.0, nan, 0.0, nan, nan, nan, nan, nan, 0.33, nan, 0.33, 0.0, nan, 0.0, 0.33, nan, 0.0, 0.0, 0.17, nan, nan, nan, 0.0, nan, nan, 0.17, nan, 0.0, nan, 0.0, nan, 0.0, nan, 0.22, 0.0, 0.0, 0.0, nan, 0.25, 0.33, 0.0, 0.0, 0.0, 0.0, 0.0, 0.44, nan, nan, 0.0, 0.0, 0.1, 0.0, 0.0, 0.0, nan, nan, nan, nan, nan, 0.25, 0.0, 0.25, 0.0, nan, nan, 0.0, 0.0, nan, 0.25, nan, 0.0, 0.0, 0.0, 0.25, 0.0, 0.2, 0.0, 0.0, nan, 0.0, nan, 0.0, 0.0, nan, nan, nan, 0.67, nan, 0.0, nan, 0.25, 0.44, 0.0, 0.25, 0.0, nan, 0.0, 0.0, 0.14, 0.0, 0.0, nan, 0.0, nan, 0.0, nan, 0.25, nan, 0.0, 0.2, 0.0, 0.0, nan, 0.17, 0.2, nan, 0.0, nan, 0.2, 0.0, 0.11, 0.11, nan, 0.0, 0.33, 0.33, 0.0, 0.44, nan, 0.0, 0.67, 0.12, 0.44, 0.17, 0.0, 0.14, nan, 0.0, 0.2, 0.0, 0.0, 0.0, nan, 0.29, nan, 0.0, nan, 0.2, nan, nan, 0.33, nan, 0.2, 0.0, nan, nan, 0.0, 0.2, 0.0, 0.0, 0.0, 0.44, 0.0, nan, nan, 0.0, 0.1, 0.14, nan, 0.0, 0.0, 0.17, 0.33, nan, nan, nan, 0.2, 0.0, 0.0, 0.0, nan, 0.17, 0.08, nan, 0.0, 0.0, 0.2, 0.0, 0.0, 0.0, 0.0, 0.17, nan, nan, 0.2, 0.0, 0.0, nan, 0.14, 0.25, 0.0, 0.0, 0.1, 0.33, 0.0, nan, 0.1, 0.67, 0.33, 0.1, 0.0, 0.0, 0.0, 0.0, 0.0, 0.0, 0.14, 0.0, 0.67, nan, 0.2, 0.0, nan, nan, 0.67, 0.0, nan, 0.0, 0.0, 0.0, nan, 0.0, 0.0, 0.0, nan, 0.44, 0.2, 0.0, nan, 0.33, nan, nan, nan, 0.0, nan, 0.0, 0.0, 0.67, nan, nan, nan, 0.0, 0.0, 0.33, nan, 0.0, nan, 0.17, 0.17, 0.0, 0.44, 0.2, 0.25, 0.0, nan, 0.0, 0.0, 0.0, nan, nan, 0.0, 0.0, nan, 0.33, 0.0, 0.0, 0.17, nan, 0.0, nan, nan, nan, 0.0, nan, 0.25, 0.04, 0.0, 0.0, nan, 0.0, 0.0, 0.33, nan, 0.0, 0.0, 0.0, 0.0, 0.0, 0.0, nan, 0.0, 0.0, 0.33, nan, 0.0, 0.33, 0.0, 0.17, 0.0, nan, nan, 0.33, 0.17, 0.17, nan, nan, 0.14, nan, nan, 0.0, 0.0, 0.25, 0.0, 0.25, 0.25, nan, 0.0, nan, nan, nan, 0.0, 0.25, 0.0, 0.0, 0.1, 0.0, 0.2, 0.0, 0.0, 0.11, 0.0, 0.44, nan, 0.0, 0.0, 0.5, 0.2, 0.43, 0.0, 0.0, 0.0, 0.43, 0.0, nan, 0.88, 0.1, 0.0, nan, 0.2, 0.25, 0.0, nan, 0.0, 0.0, 0.4, 0.6, 0.12, 0.0, nan, 0.44, 0.0, 0.12, nan, 0.14, 0.43, nan, 0.33, nan, nan, 0.0, 0.0, nan, 0.17, 0.44]


-- smtinterpol_pdr--
[0.0, 0.1, 0.0, 0.25, 0.2, 0.2, 0.0, 0.46, 0.2, 0.0, 0.0, 0.1, 0.2, 0.0, 0.0, 0.0, nan, 0.33, 0.0, 0.0, 0.2, 0.0, 0.0, 0.0, nan, nan, 0.12, 0.0, 0.2, 0.33, 0.0, 0.33, 0.0, nan, 0.0, 0.33, 0.0, 0.0, 0.0, 0.17, 0.22, 0.19, nan, 0.0, 0.14, 0.0, 0.17, 0.0, 0.0, 0.0, 0.0, 0.07, 0.0, nan, 0.22, 0.0, 0.0, 0.0, 0.15, 0.25, 0.33, 0.0, 0.0, 0.0, 0.0, 0.0, 0.33, 0.0, 0.12, 0.0, 0.0, 0.1, 0.0, 0.0, 0.0, 0.2, 0.0, nan, 0.0, 0.0, 0.25, 0.0, 0.25, 0.0, 0.0, 0.0, 0.0, 0.0, 0.0, 0.25, nan, 0.0, 0.0, 0.0, 0.25, 0.0, 0.2, 0.0, 0.0, 0.12, 0.0, 0.0, 0.0, 0.0, 0.0, nan, nan, 0.67, 0.0, 0.0, nan, 0.25, 0.33, 0.0, 0.25, 0.0, 0.0, 0.0, 0.0, 0.14, 0.0, 0.0, 0.14, 0.0, 0.0, 0.0, 0.17, 0.25, 0.14, 0.0, 0.2, 0.0, 0.0, nan, 0.17, 0.2, 0.0, 0.0, nan, 0.2, 0.0, 0.11, 0.11, 0.0, 0.0, 0.33, 0.33, 0.0, 0.33, 0.0, 0.0, 0.67, 0.12, 0.33, 0.17, 0.0, 0.14, 0.14, 0.0, 0.2, 0.0, 0.0, 0.0, 0.0, 0.29, 0.0, 0.0, 0.2, 0.2, 0.0, 0.18, 0.33, 0.0, 0.2, 0.0, 0.2, 0.0, 0.0, 0.2, 0.0, 0.0, 0.0, 0.33, 0.0, 0.0, 0.14, 0.0, 0.1, 0.14, 0.0, 0.0, 0.0, 0.17, 0.33, 0.2, 0.0, 0.0, 0.2, 0.0, 0.0, 0.0, 0.0, 0.17, 0.08, 0.22, 0.0, 0.0, 0.2, 0.0, 0.0, 0.0, 0.0, 0.17, 0.2, nan, 0.2, 0.0, 0.0, 0.43, 0.14, 0.25, 0.0, 0.0, 0.1, 0.33, 0.0, 0.14, 0.1, 0.67, 0.33, 0.1, 0.0, 0.0, 0.0, 0.0, 0.0, 0.0, 0.14, 0.0, 0.67, 0.0, 0.2, 0.0, 0.22, 0.14, 0.67, 0.0, 0.0, 0.0, 0.0, 0.0, nan, 0.0, 0.0, 0.0, 0.08, 0.17, 0.2, 0.0, 0.0, 0.33, 0.18, nan, 0.29, 0.0, 0.0, 0.0, 0.0, 0.67, 0.21, 0.14, 0.0, 0.0, 0.0, 0.33, 0.0, 0.0, 0.14, 0.17, 0.72, 0.0, 0.33, 0.2, 0.25, 0.0, 0.22, 0.0, 0.0, 0.0, 0.2, 0.12, 0.0, 0.0, 0.0, 0.33, 0.0, 0.0, 0.17, nan, 0.0, 0.0, 0.0, 0.0, 0.0, 0.12, 0.25, 0.04, 0.0, 0.0, 0.0, 0.0, 0.0, 0.33, 0.0, 0.0, 0.0, 0.0, 0.0, 0.0, 0.0, 0.0, 0.0, 0.0, 0.33, 0.13, 0.0, 0.33, 0.0, 0.17, 0.0, 0.0, 0.22, 0.33, 0.17, 0.17, 0.0, 0.2, 0.14, 0.14, 0.0, 0.0, 0.0, 0.25, 0.0, 0.25, 0.25, 0.0, 0.0, 0.17, nan, 0.0, 0.0, 0.25, 0.0, 0.0, 0.1, 0.0, 0.2, 0.0, 0.0, 0.11, 0.0, 0.38, 0.0, 0.0, 0.0, 0.5, 0.2, 0.0, 0.0, 0.0, 0.0, 0.0, 0.0, 0.0, 0.88, 0.1, 0.0, 0.14, 0.2, 0.25, 0.0, nan, 0.0, 0.0, 0.4, 0.6, 0.12, 0.0, 0.0, 0.33, 0.0, 0.12, 0.0, 0.14, 0.0, 0.29, 0.33, 0.0, 0.0, 0.0, 0.0, 0.15, 0.17, 0.44]


-- mathsat_both--
[0.0, 0.1, 0.0, 0.25, 0.2, 0.2, 0.0, 0.46, 0.2, 0.0, 0.0, 0.1, 0.2, 0.0, 0.0, 0.0, nan, 0.33, 0.0, 0.0, 0.2, 0.0, 0.0, 0.0, nan, nan, 0.12, 0.0, 0.2, 0.33, 0.0, 0.33, 0.0, nan, 0.0, 0.33, 0.0, 0.0, 0.0, 0.17, 0.22, 0.13, nan, 0.0, 0.14, 0.0, 0.17, 0.0, 0.0, 0.0, 0.0, 0.19, 0.0, nan, 0.22, 0.0, 0.0, 0.0, 0.21, 0.25, 0.33, 0.0, 0.0, 0.0, 0.0, 0.0, 0.44, 0.0, 0.12, 0.0, 0.0, 0.1, 0.0, 0.0, 0.0, 0.14, 0.0, nan, 0.0, 0.0, 0.25, 0.0, 0.25, 0.0, 0.0, 0.0, 0.0, 0.0, 0.0, 0.25, nan, 0.0, 0.0, 0.0, 0.25, 0.0, 0.2, 0.0, 0.0, 0.12, 0.0, 0.0, 0.0, 0.0, 0.0, nan, nan, 0.67, 0.0, 0.0, nan, 0.25, 0.44, 0.0, 0.25, 0.0, 0.0, 0.0, 0.0, 0.14, 0.0, 0.0, 0.14, 0.0, 0.0, 0.0, 0.17, 0.25, 0.14, 0.0, 0.2, 0.0, 0.0, nan, 0.17, 0.2, 0.0, 0.0, nan, 0.2, 0.0, 0.11, 0.11, 0.0, 0.0, 0.33, 0.33, 0.0, 0.44, 0.0, 0.0, 0.67, 0.12, 0.44, 0.17, 0.0, 0.14, 0.14, 0.0, 0.2, 0.0, 0.0, 0.0, 0.0, 0.29, 0.0, 0.0, 0.2, 0.2, 0.0, 0.22, 0.33, 0.0, 0.2, 0.0, 0.0, 0.0, 0.0, 0.2, 0.0, 0.0, 0.0, 0.44, 0.0, 0.0, 0.14, 0.0, 0.1, 0.14, 0.0, 0.0, 0.0, 0.17, 0.33, 0.2, 0.0, 0.0, 0.2, 0.0, 0.0, 0.0, 0.0, 0.17, 0.08, 0.22, 0.0, 0.0, 0.2, 0.0, 0.0, 0.0, 0.0, 0.17, 0.2, nan, 0.2, 0.0, 0.0, 0.0, 0.14, 0.25, 0.0, 0.0, 0.1, 0.33, 0.0, 0.14, 0.1, 0.67, 0.33, 0.1, 0.0, 0.0, 0.0, 0.0, 0.0, 0.0, 0.14, 0.0, 0.67, 0.0, 0.2, 0.0, 0.22, 0.14, 0.67, 0.0, 0.0, 0.0, 0.0, 0.0, nan, 0.0, 0.0, 0.0, 0.08, 0.44, 0.2, 0.0, 0.0, 0.33, 0.0, nan, 0.25, 0.0, 0.0, 0.0, 0.0, 0.67, 0.21, 0.2, 0.0, 0.0, 0.0, 0.33, 0.0, 0.0, 0.14, 0.17, 0.72, 0.0, 0.44, 0.2, 0.25, 0.0, 0.22, 0.0, 0.0, 0.0, 0.2, 0.12, 0.0, 0.0, 0.0, 0.33, 0.0, 0.0, 0.17, nan, 0.0, 0.0, 0.0, 0.0, 0.0, 0.3, 0.25, 0.04, 0.0, 0.0, 0.18, 0.0, 0.0, 0.33, 0.0, 0.0, 0.0, 0.0, 0.0, 0.0, 0.0, 0.0, 0.0, 0.0, 0.5, 0.13, 0.0, 0.33, 0.0, 0.17, 0.0, 0.2, 0.18, 0.33, 0.17, 0.17, 0.0, 0.25, 0.14, 0.14, 0.0, 0.0, 0.0, 0.25, 0.0, 0.25, 0.25, 0.0, 0.0, 0.17, nan, 0.0, 0.0, 0.25, 0.0, 0.0, 0.1, 0.0, 0.2, 0.0, 0.0, 0.11, 0.0, 0.44, 0.0, 0.0, 0.0, 0.5, 0.2, 0.43, 0.0, 0.0, 0.0, 0.43, 0.0, 0.0, 0.88, 0.1, 0.0, 0.14, 0.2, 0.25, 0.0, nan, 0.0, 0.0, 0.15, 0.6, 0.12, 0.0, 0.0, 0.44, 0.0, 0.12, 0.0, 0.14, 0.43, 0.17, 0.33, 0.0, 0.0, 0.0, 0.0, 0.21, 0.17, 0.44]


-- mathsat_k_ind--
[0.0, 0.1, 0.0, 0.25, 0.2, 0.2, 0.0, nan, 0.2, 0.0, 0.0, nan, 0.2, nan, nan, 0.0, nan, 0.33, 0.0, 0.0, 0.2, 0.0, nan, 0.0, nan, nan, nan, nan, nan, 0.33, nan, 0.33, 0.0, nan, 0.0, 0.33, nan, 0.0, 0.0, 0.17, nan, nan, nan, 0.0, nan, nan, 0.17, nan, 0.0, nan, 0.0, nan, 0.0, nan, 0.22, 0.0, 0.0, 0.0, nan, 0.25, 0.33, 0.0, 0.0, 0.0, 0.0, 0.0, 0.44, nan, nan, 0.0, 0.0, 0.1, 0.0, 0.0, 0.0, nan, nan, nan, nan, nan, 0.25, 0.0, 0.25, 0.0, nan, nan, 0.0, 0.0, nan, 0.25, nan, 0.0, 0.0, 0.0, 0.25, 0.0, 0.2, 0.0, 0.0, nan, 0.0, nan, 0.0, 0.0, nan, nan, nan, 0.67, nan, 0.0, nan, 0.25, 0.44, 0.0, 0.25, 0.0, nan, 0.0, 0.0, 0.14, 0.0, 0.0, nan, 0.0, nan, 0.0, nan, 0.25, nan, 0.0, 0.2, 0.0, 0.0, nan, 0.17, 0.2, nan, 0.0, nan, 0.2, 0.0, 0.11, 0.11, nan, 0.0, 0.33, 0.33, 0.0, 0.44, nan, 0.0, 0.67, 0.12, 0.44, 0.17, 0.0, 0.14, nan, 0.0, 0.2, 0.0, 0.0, 0.0, nan, 0.29, nan, 0.0, nan, 0.2, nan, nan, 0.33, nan, 0.2, 0.0, nan, nan, 0.0, 0.2, 0.0, 0.0, 0.0, 0.44, 0.0, nan, nan, 0.0, 0.1, 0.14, nan, 0.0, 0.0, 0.17, 0.33, nan, nan, nan, 0.2, 0.0, 0.0, 0.0, nan, 0.17, 0.08, nan, 0.0, 0.0, 0.2, 0.0, 0.0, 0.0, 0.0, 0.17, nan, nan, 0.2, 0.0, 0.0, nan, 0.14, 0.25, 0.0, 0.0, 0.1, 0.33, 0.0, nan, 0.1, 0.67, 0.33, 0.1, 0.0, 0.0, 0.0, 0.0, 0.0, 0.0, 0.14, 0.0, 0.67, nan, 0.2, 0.0, nan, nan, 0.67, 0.0, nan, 0.0, 0.0, 0.0, nan, 0.0, 0.0, 0.0, nan, 0.44, 0.2, 0.0, nan, 0.33, nan, nan, nan, 0.0, nan, 0.0, 0.0, 0.67, nan, nan, nan, 0.0, 0.0, 0.33, nan, 0.0, nan, 0.17, 0.17, 0.0, 0.44, 0.2, 0.25, 0.0, nan, 0.0, 0.0, 0.0, nan, nan, 0.0, 0.0, nan, 0.33, 0.0, 0.0, 0.17, nan, 0.0, nan, nan, nan, 0.0, nan, 0.25, 0.04, 0.0, 0.0, nan, 0.0, 0.0, 0.33, nan, 0.0, 0.0, 0.0, 0.0, 0.0, 0.0, nan, 0.0, 0.0, 0.5, nan, 0.0, 0.33, 0.0, 0.17, 0.0, nan, nan, 0.33, 0.17, 0.17, nan, nan, 0.14, nan, nan, 0.0, 0.0, 0.25, 0.0, 0.25, 0.25, nan, 0.0, nan, nan, nan, 0.0, 0.25, 0.0, 0.0, 0.1, 0.0, 0.2, 0.0, 0.0, 0.11, 0.0, 0.44, nan, 0.0, 0.0, 0.5, 0.2, 0.43, 0.0, 0.0, 0.0, 0.43, 0.0, nan, 0.88, 0.1, 0.0, nan, 0.2, 0.25, 0.0, nan, 0.0, 0.0, 0.15, 0.6, 0.12, 0.0, nan, 0.44, 0.0, 0.12, nan, 0.14, 0.43, nan, 0.33, nan, nan, 0.0, 0.0, nan, 0.17, 0.44]


-- mathsat_pdr--
[0.0, 0.1, 0.0, 0.25, 0.2, 0.2, 0.0, 0.46, 0.2, 0.0, 0.0, 0.1, 0.2, 0.0, 0.0, 0.0, nan, 0.33, 0.0, 0.0, 0.2, 0.0, 0.0, 0.0, nan, nan, 0.12, 0.0, 0.14, 0.33, 0.0, 0.33, 0.0, nan, 0.0, 0.33, 0.0, 0.0, 0.0, 0.17, 0.18, 0.07, nan, 0.0, 0.14, 0.0, 0.17, 0.0, 0.0, 0.0, 0.0, 0.07, 0.0, nan, 0.22, 0.0, 0.0, 0.0, 0.15, 0.25, 0.33, 0.0, 0.0, 0.0, 0.0, 0.0, 0.22, 0.0, 0.12, 0.0, 0.0, 0.1, 0.0, 0.0, 0.0, 0.2, 0.0, nan, 0.0, 0.0, 0.25, 0.0, 0.25, 0.0, 0.0, 0.0, 0.0, 0.0, 0.0, 0.25, nan, 0.0, 0.0, 0.0, 0.25, 0.0, 0.2, 0.0, 0.0, 0.12, 0.0, 0.0, 0.0, 0.0, 0.0, nan, nan, 0.67, 0.0, 0.0, nan, 0.25, 0.33, 0.0, 0.25, 0.0, 0.0, 0.0, 0.0, 0.14, 0.0, 0.0, 0.14, 0.0, 0.0, 0.0, 0.17, 0.25, 0.2, 0.0, 0.2, 0.0, 0.0, nan, 0.17, 0.2, 0.0, 0.0, nan, 0.2, 0.0, 0.11, 0.11, 0.0, 0.0, 0.33, 0.33, 0.0, 0.22, 0.0, 0.0, 0.67, 0.12, 0.44, 0.17, 0.0, 0.14, 0.14, 0.0, 0.2, 0.0, 0.0, 0.0, 0.0, 0.29, 0.0, 0.0, 0.14, 0.2, 0.0, 0.18, 0.33, 0.0, 0.2, 0.0, 0.2, 0.0, 0.0, 0.2, 0.0, 0.0, 0.0, 0.33, 0.0, 0.0, 0.14, 0.0, 0.1, 0.14, 0.0, 0.0, 0.0, 0.17, 0.33, 0.2, 0.0, 0.0, 0.2, 0.0, 0.0, 0.0, 0.0, 0.17, 0.08, 0.22, 0.0, 0.0, 0.2, 0.0, 0.0, 0.0, 0.0, 0.17, 0.2, nan, 0.2, 0.0, 0.0, 0.0, 0.14, 0.25, 0.0, 0.0, 0.1, 0.33, 0.0, 0.14, 0.1, 0.67, 0.33, 0.1, 0.0, 0.0, 0.0, 0.0, 0.0, 0.0, 0.14, 0.0, 0.67, 0.0, 0.2, 0.0, 0.22, 0.14, 0.67, 0.0, 0.0, 0.0, 0.0, 0.0, nan, 0.0, 0.0, 0.0, 0.14, 0.17, 0.2, 0.0, 0.0, 0.33, 0.18, nan, 0.25, 0.0, 0.0, 0.0, 0.0, 0.67, 0.15, 0.14, 0.0, 0.0, 0.0, 0.33, 0.0, 0.0, 0.14, 0.17, 0.72, 0.0, 0.33, 0.2, 0.25, 0.0, 0.22, 0.0, 0.0, 0.0, 0.2, 0.12, 0.0, 0.0, 0.0, 0.33, 0.0, 0.0, 0.17, nan, 0.0, 0.0, 0.0, 0.0, 0.0, 0.22, 0.25, 0.04, 0.0, 0.0, 0.0, 0.0, 0.0, 0.33, 0.0, 0.0, 0.0, 0.0, 0.0, 0.0, 0.0, 0.0, 0.0, 0.0, 0.5, 0.13, 0.0, 0.33, 0.0, 0.17, 0.0, 0.14, 0.3, 0.33, 0.17, 0.17, 0.0, 0.14, 0.14, 0.14, 0.0, 0.0, 0.0, 0.25, 0.0, 0.25, 0.25, 0.0, 0.0, 0.17, nan, 0.0, 0.0, 0.25, 0.0, 0.0, 0.1, 0.0, 0.2, 0.0, 0.0, 0.11, 0.0, 0.38, 0.0, 0.0, 0.0, 0.5, 0.2, 0.0, 0.0, 0.0, 0.0, 0.0, 0.0, 0.0, 0.88, 0.1, 0.0, 0.14, 0.2, 0.25, 0.0, nan, 0.0, 0.0, 0.15, 0.6, 0.5, 0.0, 0.0, 0.33, 0.0, 0.12, 0.0, 0.14, 0.0, 0.23, 0.33, 0.0, 0.0, 0.0, 0.0, 0.15, 0.17, 0.33]


-------------------------------------------------------------------------------------------------
for 405 models, the following shows min/max/avg/stdev Jaccard distance between JSupport and each settings for all models:


-- for the "z3_both" setting--

    minimum Jaccard distance among all models is: 0.0
    maximum Jaccard distances among all models is: 0.8823529411764706
    standard deviation Jaccard distances among all models is: 0.1555857179
    average Jaccard distances among all models is: 0.106334830422

-- for the "z3_k_ind" setting--

    minimum Jaccard distance among all models is: 0.0
    maximum Jaccard distances among all models is: 0.8823529411764706
    standard deviation Jaccard distances among all models is: 0.167936634375
    average Jaccard distances among all models is: 0.116561811823

-- for the "z3_pdr" setting--

    minimum Jaccard distance among all models is: 0.0
    maximum Jaccard distances among all models is: 0.8823529411764706
    standard deviation Jaccard distances among all models is: 0.151207296322
    average Jaccard distances among all models is: 0.10195714232

-- for the "yices_both" setting--

    minimum Jaccard distance among all models is: 0.0
    maximum Jaccard distances among all models is: 0.8823529411764706
    standard deviation Jaccard distances among all models is: 0.152343657705
    average Jaccard distances among all models is: 0.103668474165

-- for the "yices_k_ind" setting--

    minimum Jaccard distance among all models is: 0.0
    maximum Jaccard distances among all models is: 0.8823529411764706
    standard deviation Jaccard distances among all models is: 0.16646101116
    average Jaccard distances among all models is: 0.113911635144

-- for the "yices_pdr" setting--

    minimum Jaccard distance among all models is: 0.0
    maximum Jaccard distances among all models is: 0.8823529411764706
    standard deviation Jaccard distances among all models is: 0.14749023356
    average Jaccard distances among all models is: 0.0982355215478

-- for the "smtinterpol_both" setting--

    minimum Jaccard distance among all models is: 0.0
    maximum Jaccard distances among all models is: 0.8823529411764706
    standard deviation Jaccard distances among all models is: 0.152149265619
    average Jaccard distances among all models is: 0.103426884843

-- for the "smtinterpol_k_ind" setting--

    minimum Jaccard distance among all models is: 0.0
    maximum Jaccard distances among all models is: 0.8823529411764706
    standard deviation Jaccard distances among all models is: 0.166887714992
    average Jaccard distances among all models is: 0.115089922895

-- for the "smtinterpol_pdr" setting--

    minimum Jaccard distance among all models is: 0.0
    maximum Jaccard distances among all models is: 0.8823529411764706
    standard deviation Jaccard distances among all models is: 0.148807239655
    average Jaccard distances among all models is: 0.100694826737

-- for the "mathsat_both" setting--

    minimum Jaccard distance among all models is: 0.0
    maximum Jaccard distances among all models is: 0.8823529411764706
    standard deviation Jaccard distances among all models is: 0.155892345714
    average Jaccard distances among all models is: 0.10625771351

-- for the "mathsat_k_ind" setting--

    minimum Jaccard distance among all models is: 0.0
    maximum Jaccard distances among all models is: 0.8823529411764706
    standard deviation Jaccard distances among all models is: 0.167108106113
    average Jaccard distances among all models is: 0.114809049469

-- for the "mathsat_pdr" setting--

    minimum Jaccard distance among all models is: 0.0
    maximum Jaccard distances among all models is: 0.8823529411764706
    standard deviation Jaccard distances among all models is: 0.148445734951
    average Jaccard distances among all models is: 0.0996401618125