###################  timing report on the "JSupport" setting  ###################

minimum runtime is: 2.381
maximum runtime is: 165.157
population standard deviation runtime is: 23.5335658855
average runtime is: 21.5330852713
-------------------------------------------------------------------------------------------------
for 405 models, the following shows runtimes in "JSupport" setting
each item in the following list is related to a model in the benchmarks.

[15.32, 5.14, 9.44, 6.48, 3.91, 3.42, 5.5, 5.59, 5.44, 9.48, 6.25, 17.01, 5.01, 8.22, 7.14, 7.11, 6.8, 6.88, 6.86, 7.51, 3.62, 3.55, 2.46, 6.08, 6.18, 3.46, 3.59, 9.34, 9.23, 6.96, 6.9, 7.0, 6.9, 7.04, 3.53, 7.28, 12.45, 17.11, 25.57, 3.44, 9.13, 4.0, 5.41, 13.79, 3.19, 9.6, 3.53, 2.38, 6.41, 5.05, 3.85, 4.73, 4.95, 4.61, 4.94, 4.08, 2.56, 5.96, 4.61, 9.39, 6.38, 13.74, 4.76, 11.41, 9.2, 4.99, 14.78, 14.48, 13.55, 13.23, 3.65, 10.54, 9.92, 10.08, 23.92, 13.19, 13.01, 9.33, 9.43, 10.27, 6.87, 7.06, 32.06, 18.04, 13.92, 14.08, 22.57, 12.85, 25.26, 30.92, 19.09, 11.04, 6.12, 19.4, 12.59, 12.37, 13.29, 13.09, 13.6, 13.2, 13.16, 3.58, 8.32, 8.18, 10.24, 10.12, 10.0, 9.51, 9.41, 9.29, 11.39, 9.86, 10.27, 9.0, 9.19, 8.15, 8.16, 18.05, 7.0, 11.71, 11.25, 10.8, 25.69, 71.39, 37.49, 6.69, 13.41, 16.48, 9.31, 10.26, 10.02, 9.52, 11.38, 3.74, 12.14, 12.03, 8.82, 7.76, 17.31, 20.41, 11.15, 30.42, 10.92, 15.02, 13.74, 12.78, 14.59, 16.26, 15.46, 8.26, 9.75, 7.51, 10.23, 10.03, 7.07, 14.76, 2.43, 25.27, 5.96, 13.27, 9.41, 11.55, 7.12, 13.02, 12.18, 10.09, 9.01, 9.49, 8.15, 16.04, 4.2, 13.13, 29.01, 12.38, 27.25, 4.22, 10.27, 13.15, 9.29, 21.01, 14.28, 12.83, 10.17, 32.78, 10.7, 12.17, 14.25, 3.72, 3.62, 8.96, 13.19, 14.12, 16.92, 15.64, 15.97, 13.1, 52.51, 14.88, 15.8, 17.37, 17.91, 15.77, 15.71, 4.32, 4.73, 13.86, 26.07, 16.84, 7.23, 14.7, 15.49, 15.01, 14.72, 4.32, 28.31, 16.37, 12.87, 15.37, 15.76, 4.92, 29.93, 6.8, 16.05, 4.94, 16.39, 26.57, 28.17, 6.92, 5.22, 5.06, 16.51, 13.53, 27.72, 13.06, 10.4, 31.33, 16.49, 9.16, 13.49, 14.64, 35.88, 16.14, 15.61, 5.57, 15.78, 4.84, 28.71, 10.89, 4.12, 17.02, 20.2, 7.47, 7.47, 7.61, 5.88, 10.87, 11.18, 7.34, 13.92, 11.01, 14.63, 11.83, 6.84, 6.15, 17.52, 24.27, 11.1, 13.79, 14.02, 14.49, 23.16, 7.47, 5.83, 17.63, 16.75, 32.37, 27.4, 27.6, 27.4, 20.48, 13.78, 33.74, 23.06, 34.26, 19.21, 20.24, 34.24, 41.98, 34.91, 19.15, 22.79, 32.7, 48.53, 21.53, 5.92, 42.84, 18.48, 37.89, 22.27, 18.68, 33.72, 16.83, 42.5, 17.55, 28.18, 24.25, 17.43, 7.58, 18.93, 32.96, 30.86, 19.2, 34.06, 21.67, 30.33, 40.57, 20.41, 18.91, 21.22, 31.46, 21.84, 31.76, 7.54, 56.58, 16.14, 34.21, 32.54, 53.56, 30.3, 31.2, 30.26, 36.93, 34.34, 55.85, 14.99, 57.58, 32.8, 68.03, 51.41, 112.38, 4.22, 76.26, 43.28, 38.48, 101.94, 25.64, 28.02, 41.99, 107.77, 63.21, 30.01, 112.29, 100.97, 104.08, 94.54, 98.01, 103.34, 102.79, 42.0, 23.73, 57.75, 29.48, 99.35, 106.25, 28.26, 45.96, 96.92, 97.77, 42.68, 99.75, 30.95, 93.22, 36.27, 26.64, 165.16, 110.25, 63.72, nan, 110.31, nan, nan, 100.3, nan, nan, 29.39, 29.79, 29.15, nan, 29.38, 29.01, nan, nan, 30.96, nan, 20.16, nan, nan, nan, nan, nan, 7.9, nan, nan, nan, nan]



###################  timing report on the "Z3 with support computation" setting  ###################

minimum runtime is: 0.112
maximum runtime is: 42.928
population standard deviation runtime is: 5.00933803828
average runtime is: 2.41162278481
-------------------------------------------------------------------------------------------------
for 405 models, the following shows runtimes in "Z3 with support computation" setting
each item in the following list is related to a model in the benchmarks.

[0.11, 0.11, 0.11, 0.11, 0.11, 0.11, 0.11, 0.11, 0.11, 0.11, 0.11, 0.11, 0.11, 0.11, 0.11, 0.11, 0.11, 0.11, 0.11, 0.11, 0.11, 0.11, 0.11, 0.11, 0.11, 0.11, 0.11, 0.11, 0.11, 0.11, 0.11, 0.11, 0.11, 0.11, 0.12, 0.12, 0.12, 0.12, 0.12, 0.12, 0.12, 0.12, 0.12, 0.12, 0.12, 0.12, 0.12, 0.12, 0.12, 0.12, 0.12, 0.12, 0.12, 0.12, 0.12, 0.12, 0.12, 0.12, 0.12, 0.12, 0.14, 0.21, 0.21, 0.21, 0.21, 0.21, 0.21, 0.21, 0.21, 0.21, 0.21, 0.21, 0.21, 0.21, 0.21, 0.21, 0.21, 0.21, 0.21, 0.21, 0.21, 0.21, 0.21, 0.21, 0.21, 0.21, 0.21, 0.21, 0.21, 0.21, 0.21, 0.21, 0.21, 0.21, 0.21, 0.21, 0.21, 0.21, 0.21, 0.21, 0.21, 0.21, 0.21, 0.21, 0.21, 0.21, 0.21, 0.21, 0.21, 0.21, 0.21, 0.21, 0.21, 0.21, 0.21, 0.21, 0.21, 0.21, 0.21, 0.21, 0.21, 0.21, 0.21, 0.21, 0.21, 0.21, 0.21, 0.21, 0.21, 0.21, 0.21, 0.21, 0.21, 0.21, 0.21, 0.21, 0.21, 0.21, 0.21, 0.21, 0.21, 0.21, 0.21, 0.21, 0.21, 0.21, 0.21, 0.21, 0.21, 0.21, 0.21, 0.21, 0.21, 0.21, 0.21, 0.21, 0.21, 0.21, 0.22, 0.22, 0.22, 0.22, 0.22, 0.22, 0.22, 0.22, 0.22, 0.22, 0.22, 0.22, 0.22, 0.22, 0.22, 0.22, 0.22, 0.22, 0.22, 0.22, 0.22, 0.22, 0.22, 0.22, 0.22, 0.22, 0.22, 0.22, 0.22, 0.22, 0.22, 0.22, 0.23, 0.23, 0.31, 0.31, 0.31, 0.31, 0.31, 0.31, 0.31, 0.31, 0.31, 0.31, 0.31, 0.31, 0.31, 0.31, 0.31, 0.31, 0.31, 0.31, 0.31, 0.31, 0.31, 0.31, 0.31, 0.32, 0.32, 0.32, 0.32, 0.32, 0.32, 0.32, 0.32, 0.32, 0.32, 0.32, 0.32, 0.32, 0.32, 0.32, 0.32, 0.32, 0.32, 0.32, 0.32, 0.32, 0.32, 0.32, 0.32, 0.33, 0.33, 0.41, 0.41, 0.41, 0.41, 0.41, 0.42, 0.42, 0.42, 0.52, 0.61, 0.62, 0.72, 0.82, 0.92, 1.12, 1.12, 1.13, 1.22, 1.32, 1.32, 1.32, 1.42, 1.42, 1.52, 1.52, 1.53, 1.53, 1.53, 1.53, 1.62, 1.62, 1.62, 1.62, 1.72, 1.72, 1.72, 1.73, 1.82, 1.84, 1.84, 1.94, 2.14, 2.22, 2.22, 2.22, 2.23, 2.24, 2.33, 2.33, 2.33, 2.34, 2.36, 2.42, 2.46, 2.52, 2.52, 2.53, 2.62, 2.72, 2.73, 2.73, 2.75, 2.82, 3.02, 3.12, 3.12, 3.25, 3.33, 3.33, 3.33, 3.34, 3.34, 3.42, 3.43, 3.45, 3.52, 3.52, 3.62, 3.63, 3.64, 3.94, 3.96, 4.02, 4.04, 4.13, 4.13, 4.16, 4.23, 4.23, 4.32, 4.39, 4.43, 4.52, 4.52, 4.63, 4.84, 4.92, 5.15, 5.23, 5.23, 5.34, 5.45, 5.63, 5.77, 5.84, 5.94, 6.04, 6.05, 6.34, 6.63, 6.63, 6.64, 6.66, 6.73, 6.83, 6.85, 7.04, 7.07, 7.12, 7.34, 7.36, 7.45, 7.94, 8.04, 8.17, 8.47, 8.77, 9.33, 9.34, 9.34, 9.6, 9.63, 9.83, 9.86, 10.12, 10.4, 13.2, 15.28, 15.96, 15.98, 17.1, 17.14, 17.26, 17.41, 17.58, 18.04, 18.32, 18.43, 21.58, 21.98, 22.36, 29.56, 41.14, 42.93, nan, nan, nan, nan, nan, nan, nan, nan, nan, nan]



###################  timing report on the "Z3 wihtout support computation" setting  ###################

minimum runtime is: 0.069
maximum runtime is: 42.287
population standard deviation runtime is: 4.92917990499
average runtime is: 2.33496962025
-------------------------------------------------------------------------------------------------
for 405 models, the following shows runtimes in "Z3 wihtout support computation" setting
each item in the following list is related to a model in the benchmarks.

[0.09, 0.1, 0.07, 0.09, 0.11, 0.1, 0.09, 0.08, 0.09, 0.1, 0.1, 0.09, 0.09, 0.09, 0.08, 0.09, 0.08, 0.09, 0.08, 0.08, 0.08, 0.1, 0.1, 0.1, 0.1, 0.09, 0.09, 0.07, 0.07, 0.08, 0.08, 0.08, 0.08, 0.07, 0.09, 0.1, 0.1, 0.09, 0.09, 0.1, 0.08, 0.1, 0.1, 0.1, 0.11, 0.1, 0.11, 0.1, 0.09, 0.1, 0.11, 0.1, 0.11, 0.1, 0.1, 0.11, 0.1, 0.1, 0.1, 0.1, 0.12, 0.14, 0.19, 0.14, 0.17, 0.2, 0.17, 0.18, 0.18, 0.16, 0.18, 0.16, 0.19, 0.18, 0.17, 0.14, 0.14, 0.17, 0.16, 0.17, 0.19, 0.19, 0.16, 0.16, 0.17, 0.18, 0.18, 0.18, 0.18, 0.16, 0.2, 0.17, 0.2, 0.18, 0.16, 0.18, 0.16, 0.16, 0.15, 0.17, 0.15, 0.2, 0.2, 0.19, 0.18, 0.19, 0.17, 0.17, 0.18, 0.18, 0.12, 0.15, 0.18, 0.18, 0.2, 0.2, 0.18, 0.16, 0.19, 0.18, 0.2, 0.18, 0.19, 0.17, 0.17, 0.2, 0.15, 0.14, 0.18, 0.17, 0.19, 0.18, 0.15, 0.2, 0.17, 0.17, 0.19, 0.19, 0.17, 0.17, 0.19, 0.18, 0.18, 0.2, 0.19, 0.17, 0.17, 0.16, 0.18, 0.19, 0.17, 0.18, 0.18, 0.17, 0.19, 0.18, 0.19, 0.19, 0.2, 0.14, 0.18, 0.14, 0.2, 0.18, 0.19, 0.18, 0.2, 0.2, 0.2, 0.17, 0.2, 0.14, 0.12, 0.17, 0.19, 0.2, 0.16, 0.18, 0.18, 0.18, 0.18, 0.18, 0.17, 0.18, 0.18, 0.18, 0.19, 0.17, 0.17, 0.19, 0.15, 0.19, 0.22, 0.2, 0.2, 0.22, 0.23, 0.24, 0.2, 0.2, 0.18, 0.21, 0.17, 0.3, 0.29, 0.21, 0.22, 0.29, 0.3, 0.22, 0.2, 0.21, 0.24, 0.3, 0.21, 0.27, 0.25, 0.22, 0.2, 0.28, 0.17, 0.28, 0.2, 0.3, 0.24, 0.23, 0.21, 0.3, 0.3, 0.29, 0.19, 0.23, 0.29, 0.25, 0.25, 0.25, 0.23, 0.25, 0.25, 0.22, 0.2, 0.28, 0.26, 0.32, 0.27, 0.4, 0.39, 0.3, 0.41, 0.35, 0.57, 0.59, 0.7, 0.79, 0.91, 1.09, 1.07, 1.11, 1.16, 1.29, 1.18, 1.28, 1.4, 1.4, 1.47, 1.49, 1.49, 1.48, 1.44, 1.44, 1.6, 1.59, 1.58, 1.58, 1.69, 1.62, 1.63, 1.63, 1.68, 1.79, 1.64, 1.9, 2.07, 2.16, 2.17, 2.17, 2.18, 2.2, 2.28, 2.25, 2.27, 2.29, 2.33, 2.38, 2.42, 2.48, 2.46, 2.47, 2.55, 2.69, 2.7, 2.7, 2.7, 2.75, 2.91, 3.06, 3.05, 3.2, 3.21, 3.3, 3.23, 3.29, 3.27, 3.39, 3.27, 3.38, 3.44, 3.48, 3.57, 3.58, 3.54, 3.82, 3.92, 3.91, 3.97, 4.08, 4.07, 4.08, 4.14, 4.16, 4.21, 4.17, 4.34, 4.46, 4.42, 4.51, 4.72, 4.75, 5.08, 5.06, 5.19, 5.22, 5.37, 5.54, 5.66, 5.75, 5.86, 5.89, 5.99, 6.16, 6.55, 6.5, 6.57, 6.32, 6.5, 6.64, 6.7, 6.91, 6.91, 6.98, 7.26, 7.21, 7.32, 7.7, 7.96, 8.07, 8.22, 8.55, 9.1, 9.17, 9.14, 9.35, 9.48, 9.67, 9.71, 9.95, 10.24, 12.86, 15.05, 15.59, 15.57, 16.91, 16.87, 16.88, 16.93, 17.11, 17.42, 17.95, 17.86, 21.04, 21.68, 21.87, 29.05, 40.75, 42.29, nan, nan, nan, nan, nan, nan, nan, nan, nan, nan]



###################  timing report on the "Yices with support computation" setting  ###################

minimum runtime is: 0.111
maximum runtime is: 39.657
population standard deviation runtime is: 5.22411946565
average runtime is: 2.46382278481
-------------------------------------------------------------------------------------------------
for 405 models, the following shows runtimes in "Yices with support computation" setting
each item in the following list is related to a model in the benchmarks.

[0.21, 0.11, 0.31, 0.11, 0.11, 0.11, 0.21, 0.21, 0.21, 0.21, 0.11, 0.21, 0.11, 0.21, 0.21, 0.21, 0.21, 0.21, 0.21, 0.21, 0.11, 0.11, 0.21, 0.11, 0.21, 0.12, 0.11, 0.21, 0.21, 0.22, 0.22, 0.21, 0.21, 0.21, 0.11, 0.21, 0.21, 0.21, 0.21, 0.12, 0.21, 0.12, 0.11, 0.22, 0.11, 0.21, 0.12, 0.11, 0.21, 0.21, 0.11, 0.21, 0.12, 0.21, 0.23, 0.12, 0.11, 0.21, 0.12, 0.22, 0.21, 0.42, 0.22, 0.41, 0.21, 0.21, 0.21, 0.31, 0.31, 0.31, 0.21, 0.41, 0.21, 0.21, 0.21, 0.42, 0.41, 0.21, 0.21, 0.31, 0.21, 0.22, 0.31, 0.31, 0.21, 0.22, 0.21, 0.31, 0.21, 0.32, 0.31, 0.21, 0.11, 0.22, 0.31, 0.32, 0.31, 0.31, 0.21, 0.32, 0.31, 0.21, 0.21, 0.21, 0.21, 0.21, 0.21, 0.21, 0.32, 0.33, 0.41, 0.42, 0.21, 0.21, 0.21, 0.22, 0.21, 0.31, 0.21, 0.21, 0.21, 0.21, 0.21, 0.31, 0.31, 0.21, 0.21, 0.42, 0.21, 0.21, 0.21, 0.32, 0.32, 0.21, 0.21, 0.22, 0.11, 0.22, 0.31, 0.21, 0.21, 0.22, 0.21, 0.21, 0.22, 0.31, 0.32, 0.41, 0.31, 0.22, 0.21, 0.21, 0.22, 0.22, 0.21, 0.21, 0.11, 0.21, 0.11, 0.32, 0.21, 0.31, 0.21, 0.32, 0.32, 0.22, 0.21, 0.22, 0.11, 0.31, 0.22, 0.41, 0.32, 0.22, 0.21, 0.22, 0.31, 0.22, 0.22, 0.21, 0.22, 0.31, 0.21, 0.22, 0.32, 0.21, 0.31, 0.21, 0.11, 0.21, 0.41, 0.32, 0.41, 0.51, 0.62, 0.31, 0.41, 0.52, 0.52, 0.61, 0.51, 0.51, 0.51, 0.31, 0.31, 0.41, 0.42, 0.22, 0.22, 0.52, 0.52, 0.52, 0.52, 0.22, 0.31, 0.31, 0.42, 0.51, 0.61, 0.32, 0.42, 0.32, 0.72, 0.22, 0.42, 0.32, 0.32, 0.21, 0.21, 0.32, 0.61, 0.41, 0.31, 0.52, 0.52, 0.32, 0.62, 0.43, 0.32, 0.41, 0.52, 0.51, 0.61, 0.42, 0.62, 0.32, 0.44, 0.32, 0.32, 0.93, 0.62, 0.62, 0.41, 0.62, 1.02, 0.71, 0.72, 1.02, 0.82, 0.81, 0.93, 0.91, 1.32, 1.43, 1.23, 1.53, 0.92, 0.83, 0.93, 0.93, 1.53, 1.52, 1.73, 1.33, 1.82, 1.32, 1.12, 1.22, 1.32, 1.52, 0.92, 1.93, 1.42, 2.14, 1.42, 1.45, 2.43, 2.02, 3.23, 1.52, 1.63, 2.52, 2.35, 2.23, 2.44, 2.82, 1.32, 2.33, 1.36, 2.72, 3.73, 2.13, 2.63, 1.22, 4.77, 4.02, 1.23, 3.23, 3.14, 3.18, 3.23, 1.52, 3.75, 3.93, 3.73, 2.52, 3.12, 3.43, 3.52, 3.94, 1.83, 4.15, 2.32, 4.83, 4.42, 4.76, 4.52, 4.93, 3.86, 4.73, 5.53, 4.33, 4.42, 3.24, 2.93, 4.54, 4.83, 6.86, 4.02, 5.04, 4.77, 5.25, 5.25, 7.66, 7.23, 5.37, 5.18, 6.16, 26.82, 5.04, 7.53, 5.44, 5.38, 8.26, 7.74, 10.22, 5.66, 5.44, 3.62, 7.47, 9.74, 6.38, 8.93, 11.54, 3.52, 7.14, 11.24, 10.05, 7.05, 5.95, 9.93, 8.68, 10.97, 15.48, 8.53, 6.99, 17.06, 17.47, 8.0, 16.48, 18.72, 9.28, 15.19, 20.03, 14.19, 17.01, 26.68, 20.88, 14.84, 26.09, 27.11, 33.32, 17.43, 35.73, 39.66, nan, nan, nan, nan, nan, nan, nan, nan, nan, nan]



###################  timing report on the "Yices wihtout support computation" setting  ###################

minimum runtime is: 0.064
maximum runtime is: 38.778
population standard deviation runtime is: 5.09297109046
average runtime is: 2.29764303797
-------------------------------------------------------------------------------------------------
for 405 models, the following shows runtimes in "Yices wihtout support computation" setting
each item in the following list is related to a model in the benchmarks.

[0.15, 0.08, 0.17, 0.09, 0.08, 0.08, 0.14, 0.15, 0.15, 0.15, 0.07, 0.15, 0.07, 0.19, 0.15, 0.15, 0.15, 0.15, 0.15, 0.14, 0.09, 0.1, 0.16, 0.06, 0.16, 0.07, 0.07, 0.12, 0.11, 0.15, 0.15, 0.16, 0.13, 0.14, 0.07, 0.15, 0.15, 0.15, 0.15, 0.08, 0.12, 0.07, 0.08, 0.17, 0.08, 0.16, 0.1, 0.08, 0.18, 0.17, 0.1, 0.16, 0.07, 0.15, 0.19, 0.09, 0.08, 0.16, 0.07, 0.18, 0.16, 0.14, 0.15, 0.18, 0.12, 0.19, 0.12, 0.21, 0.19, 0.15, 0.16, 0.2, 0.12, 0.14, 0.13, 0.14, 0.15, 0.12, 0.12, 0.21, 0.16, 0.15, 0.19, 0.15, 0.12, 0.14, 0.12, 0.19, 0.13, 0.1, 0.24, 0.14, 0.07, 0.16, 0.14, 0.13, 0.15, 0.18, 0.1, 0.15, 0.19, 0.15, 0.14, 0.14, 0.13, 0.13, 0.11, 0.12, 0.19, 0.22, 0.17, 0.19, 0.11, 0.11, 0.17, 0.18, 0.16, 0.18, 0.16, 0.13, 0.16, 0.12, 0.13, 0.2, 0.18, 0.17, 0.08, 0.21, 0.12, 0.12, 0.11, 0.15, 0.11, 0.16, 0.14, 0.13, 0.07, 0.15, 0.19, 0.1, 0.16, 0.15, 0.13, 0.12, 0.11, 0.15, 0.19, 0.19, 0.2, 0.14, 0.12, 0.13, 0.13, 0.14, 0.14, 0.1, 0.08, 0.13, 0.07, 0.17, 0.1, 0.11, 0.17, 0.22, 0.24, 0.14, 0.16, 0.17, 0.07, 0.21, 0.18, 0.19, 0.14, 0.13, 0.11, 0.18, 0.14, 0.13, 0.11, 0.12, 0.12, 0.15, 0.12, 0.14, 0.18, 0.11, 0.21, 0.14, 0.07, 0.12, 0.17, 0.2, 0.14, 0.18, 0.2, 0.1, 0.15, 0.2, 0.2, 0.22, 0.17, 0.17, 0.14, 0.29, 0.26, 0.18, 0.21, 0.17, 0.2, 0.21, 0.22, 0.22, 0.18, 0.18, 0.13, 0.26, 0.17, 0.18, 0.2, 0.28, 0.22, 0.28, 0.19, 0.19, 0.22, 0.12, 0.13, 0.18, 0.16, 0.28, 0.23, 0.19, 0.25, 0.28, 0.23, 0.21, 0.22, 0.21, 0.12, 0.14, 0.19, 0.16, 0.23, 0.27, 0.23, 0.29, 0.37, 0.12, 0.29, 0.28, 0.55, 0.57, 0.38, 0.54, 0.99, 0.62, 0.64, 1.0, 0.75, 0.72, 0.81, 0.84, 1.29, 1.41, 1.17, 1.47, 0.8, 0.65, 0.79, 0.79, 1.48, 1.49, 1.71, 1.19, 1.77, 1.09, 0.91, 0.99, 1.07, 1.42, 0.72, 1.84, 1.25, 1.99, 1.3, 1.31, 2.33, 1.93, 3.14, 1.31, 1.48, 2.41, 2.25, 2.14, 2.41, 2.75, 1.16, 2.23, 1.21, 2.6, 3.7, 2.09, 2.54, 1.09, 4.58, 3.92, 1.09, 3.19, 2.94, 3.12, 3.11, 1.32, 3.64, 3.8, 3.53, 2.4, 2.95, 3.31, 3.42, 3.79, 1.61, 3.98, 2.29, 4.57, 4.27, 4.61, 4.41, 4.7, 3.66, 4.64, 5.43, 4.04, 4.26, 3.12, 2.81, 4.29, 4.72, 6.5, 3.87, 4.78, 4.72, 4.83, 5.15, 7.48, 6.98, 5.24, 4.96, 5.93, 26.65, 4.76, 7.42, 5.16, 5.19, 7.94, 7.42, 9.77, 5.35, 5.22, 3.48, 7.3, 9.66, 6.25, 8.76, 11.29, 3.48, 7.03, 10.65, 9.48, 6.7, 5.65, 9.61, 8.36, 10.95, 14.76, 8.01, 6.67, 16.97, 16.88, 7.7, 15.78, 18.1, 8.94, 14.45, 19.63, 13.06, 15.81, 25.66, 20.23, 13.71, 24.94, 25.95, 32.69, 16.53, 35.02, 38.78, nan, nan, nan, nan, nan, nan, nan, nan, nan, nan]



###################  timing report on the "SMTInterpol with support computation" setting  ###################

minimum runtime is: 0.225
maximum runtime is: 514.886
population standard deviation runtime is: 26.4111996891
average runtime is: 4.33079292929
-------------------------------------------------------------------------------------------------
for 405 models, the following shows runtimes in "SMTInterpol with support computation" setting
each item in the following list is related to a model in the benchmarks.

[0.51, 0.32, 0.82, 0.32, 0.32, 0.32, 0.42, 0.52, 0.52, 0.43, 0.42, 0.52, 0.32, 0.42, 0.72, 0.62, 0.72, 0.81, 0.61, 0.63, 0.42, 0.32, 0.32, 0.42, 0.32, 0.42, 0.42, 0.72, 0.82, 0.72, 0.72, 0.71, 0.72, 0.72, 0.42, 0.52, 0.42, 0.51, 0.52, 0.42, 0.73, 0.42, 0.52, 0.52, 0.32, 0.52, 0.23, 0.42, 0.42, 0.42, 0.32, 0.42, 0.32, 0.43, 0.43, 0.32, 0.32, 0.42, 0.42, 0.53, 0.42, 1.22, 0.42, 1.12, 0.82, 0.52, 0.82, 0.82, 0.92, 1.04, 0.62, 0.92, 0.72, 0.72, 0.72, 1.32, 1.12, 0.72, 0.72, 0.82, 0.53, 0.52, 1.02, 1.23, 0.82, 0.82, 0.83, 0.82, 0.63, 0.62, 0.93, 0.52, 0.43, 0.52, 0.92, 1.02, 1.02, 0.92, 1.01, 1.01, 0.92, 0.42, 0.52, 0.42, 0.62, 0.62, 0.72, 0.72, 0.82, 0.82, 1.22, 1.42, 0.73, 0.73, 0.52, 0.52, 0.52, 1.02, 0.52, 0.82, 0.52, 0.72, 0.72, 1.02, 0.92, 0.42, 1.01, 1.13, 0.81, 0.72, 0.72, 0.92, 1.33, 0.43, 0.82, 0.73, 0.52, 0.52, 1.02, 0.81, 0.52, 0.72, 0.72, 0.42, 0.42, 0.93, 0.82, 1.03, 0.92, 0.52, 0.72, 0.72, 0.72, 0.82, 0.72, 0.83, 0.32, 0.73, 0.42, 1.01, 0.82, 1.22, 0.52, 0.82, 0.73, 0.82, 0.52, 0.52, 0.52, 1.03, 0.52, 1.22, 1.42, 0.82, 0.74, 0.51, 0.92, 0.72, 1.02, 0.82, 0.82, 0.92, 0.82, 0.72, 1.03, 0.72, 0.82, 0.53, 0.52, 0.72, 1.22, 1.03, 1.74, 1.53, 1.42, 1.22, 1.32, 1.82, 1.52, 1.72, 1.72, 1.72, 1.22, 0.92, 0.62, 1.23, 1.73, 0.92, 0.71, 1.73, 1.82, 1.93, 1.83, 0.61, 2.13, 0.82, 1.12, 1.62, 1.52, 0.82, 1.73, 0.72, 2.83, 0.61, 1.03, 1.94, 2.13, 0.62, 0.82, 0.62, 1.72, 1.23, 0.94, 1.23, 1.03, 0.73, 1.64, 1.13, 0.93, 1.73, 1.13, 1.32, 1.43, 1.42, 1.93, 0.72, 0.52, 1.22, 0.73, 2.04, 2.44, 1.02, 1.12, 1.83, 0.72, 1.52, 1.92, 0.82, 2.02, 1.43, 3.38, 1.82, 0.92, 1.11, 1.32, 1.21, 1.82, 3.45, 3.32, 3.59, 1.33, 1.22, 1.22, 1.92, 1.43, 2.92, 2.32, 3.22, 2.32, 2.63, 2.14, 1.61, 3.52, 1.93, 2.03, 2.93, 1.92, 1.43, 2.33, 3.85, 4.53, 2.35, 1.94, 2.73, 1.72, 2.12, 2.93, 2.03, 4.17, 1.92, 1.92, 1.65, 2.22, 3.25, 3.02, 3.95, 2.85, 3.57, 3.23, 2.73, 2.63, 2.54, 3.02, 2.33, 2.83, 2.27, 3.82, 3.02, 3.03, 3.54, 4.48, 4.62, 1.72, 3.66, 3.84, 3.97, 5.51, 3.63, 4.44, 2.46, 4.34, 3.63, 4.28, 2.53, 3.84, 4.96, 4.85, 4.65, 2.84, 6.49, 4.84, 5.05, 5.72, 6.13, 5.82, 4.84, 4.04, 5.47, 7.53, 4.96, 7.35, 9.63, 5.64, 7.15, 6.67, 10.21, 4.53, 7.07, 6.14, 9.04, 8.94, 6.04, 6.69, 9.97, 3.44, 8.47, 9.28, 9.41, 7.1, 5.65, 16.86, 7.7, 7.06, 13.04, 10.05, 6.6, 11.01, 32.16, 8.32, 60.8, 34.28, 7.6, 25.7, 24.05, 14.79, 27.33, 24.88, 15.81, 17.65, 19.32, 29.77, 23.02, 19.64, 37.63, 47.18, 514.89, nan, nan, nan, nan, nan, nan, nan, nan, nan]



###################  timing report on the "SMTInterpol wihtout support computation" setting  ###################

minimum runtime is: 0.184
maximum runtime is: 59.63
population standard deviation runtime is: 5.8250517825
average runtime is: 2.65285063291
-------------------------------------------------------------------------------------------------
for 405 models, the following shows runtimes in "SMTInterpol wihtout support computation" setting
each item in the following list is related to a model in the benchmarks.

[0.34, 0.26, 0.49, 0.27, 0.28, 0.28, 0.28, 0.37, 0.36, 0.32, 0.34, 0.4, 0.28, 0.28, 0.4, 0.34, 0.46, 0.47, 0.37, 0.43, 0.33, 0.27, 0.29, 0.33, 0.24, 0.32, 0.34, 0.39, 0.52, 0.41, 0.41, 0.36, 0.37, 0.44, 0.33, 0.35, 0.29, 0.38, 0.38, 0.3, 0.38, 0.31, 0.34, 0.35, 0.27, 0.33, 0.18, 0.33, 0.31, 0.29, 0.28, 0.32, 0.28, 0.35, 0.35, 0.28, 0.28, 0.34, 0.32, 0.33, 0.32, 0.51, 0.3, 0.69, 0.46, 0.43, 0.52, 0.52, 0.59, 0.79, 0.42, 0.55, 0.39, 0.47, 0.43, 0.6, 0.46, 0.41, 0.38, 0.49, 0.35, 0.35, 0.68, 0.71, 0.57, 0.5, 0.36, 0.44, 0.39, 0.34, 0.77, 0.32, 0.33, 0.36, 0.56, 0.62, 0.65, 0.58, 0.67, 0.69, 0.62, 0.32, 0.37, 0.29, 0.4, 0.39, 0.48, 0.41, 0.43, 0.48, 0.71, 0.93, 0.44, 0.4, 0.39, 0.36, 0.37, 0.64, 0.43, 0.56, 0.4, 0.44, 0.48, 0.68, 0.59, 0.32, 0.7, 0.71, 0.49, 0.48, 0.44, 0.58, 0.66, 0.32, 0.53, 0.41, 0.38, 0.35, 0.7, 0.38, 0.37, 0.42, 0.42, 0.29, 0.26, 0.54, 0.49, 0.63, 0.64, 0.38, 0.45, 0.46, 0.38, 0.49, 0.4, 0.51, 0.28, 0.53, 0.34, 0.67, 0.51, 0.75, 0.38, 0.45, 0.4, 0.49, 0.34, 0.35, 0.36, 0.64, 0.35, 0.52, 0.94, 0.48, 0.45, 0.43, 0.57, 0.38, 0.63, 0.54, 0.5, 0.52, 0.47, 0.4, 0.66, 0.39, 0.55, 0.38, 0.38, 0.45, 0.59, 0.63, 0.95, 0.84, 0.84, 0.65, 0.8, 1.03, 1.03, 0.92, 1.06, 1.13, 0.68, 0.8, 0.45, 0.59, 1.06, 0.7, 0.64, 1.06, 1.14, 1.2, 1.05, 0.51, 1.3, 0.61, 0.73, 1.03, 0.85, 0.71, 1.1, 0.62, 1.71, 0.51, 0.68, 1.23, 1.28, 0.54, 0.73, 0.54, 0.95, 0.55, 0.73, 0.85, 0.69, 0.46, 0.87, 0.67, 0.54, 1.02, 0.75, 0.82, 0.79, 1.01, 1.11, 0.64, 0.44, 0.64, 0.63, 1.14, 2.26, 0.95, 1.05, 1.67, 0.58, 1.37, 1.75, 0.75, 1.9, 1.29, 3.1, 1.54, 0.84, 1.04, 1.08, 1.06, 1.65, 3.2, 2.98, 3.21, 1.27, 1.13, 1.1, 1.6, 1.26, 2.72, 2.15, 3.04, 2.1, 2.42, 1.87, 1.42, 3.29, 1.67, 1.89, 2.65, 1.7, 1.3, 2.13, 3.47, 4.36, 2.05, 1.68, 2.45, 1.58, 2.01, 2.69, 1.84, 3.98, 1.71, 1.81, 1.56, 2.07, 3.0, 2.67, 3.71, 2.66, 3.4, 2.81, 2.53, 2.48, 2.42, 2.74, 2.12, 2.59, 2.12, 3.37, 2.86, 2.84, 3.22, 4.24, 4.14, 1.6, 3.47, 3.55, 3.8, 5.06, 3.4, 4.1, 2.17, 4.14, 3.42, 3.99, 2.38, 3.6, 4.6, 4.58, 4.13, 2.6, 5.64, 4.69, 4.56, 5.53, 5.63, 5.29, 4.38, 3.84, 5.05, 7.04, 4.48, 6.83, 8.84, 5.25, 6.62, 5.96, 9.12, 3.98, 6.76, 5.64, 8.66, 8.73, 5.63, 6.42, 9.24, 3.3, 8.25, 8.41, 8.14, 6.41, 4.85, 15.02, 7.26, 6.96, 11.11, 9.07, 5.43, 10.72, 30.08, 7.64, 59.63, 32.83, 6.72, 24.09, 21.23, 12.92, 25.95, 22.27, 13.44, 16.06, 17.16, 27.75, 21.37, 17.85, 34.13, 45.14, nan, nan, nan, nan, nan, nan, nan, nan, nan, nan]



###################  timing report on the "MathSAT with support computation" setting  ###################

minimum runtime is: 0.111
maximum runtime is: 43.623
population standard deviation runtime is: 5.15741163996
average runtime is: 2.76555696203
-------------------------------------------------------------------------------------------------
for 405 models, the following shows runtimes in "MathSAT with support computation" setting
each item in the following list is related to a model in the benchmarks.

[0.22, 0.11, 0.31, 0.12, 0.11, 0.12, 0.21, 0.11, 0.11, 0.21, 0.11, 0.21, 0.11, 0.22, 0.22, 0.21, 0.21, 0.21, 0.21, 0.21, 0.11, 0.11, 0.11, 0.21, 0.21, 0.21, 0.12, 0.32, 0.31, 0.21, 0.21, 0.22, 0.22, 0.21, 0.21, 0.21, 0.22, 0.11, 0.21, 0.22, 0.21, 0.12, 0.22, 0.21, 0.11, 0.22, 0.12, 0.12, 0.21, 0.21, 0.11, 0.21, 0.12, 0.11, 0.22, 0.12, 0.11, 0.11, 0.22, 0.21, 0.12, 0.52, 0.22, 0.42, 0.31, 0.12, 0.41, 0.41, 0.52, 0.41, 0.21, 0.52, 0.32, 0.32, 0.31, 0.53, 0.53, 0.31, 0.22, 0.31, 0.22, 0.21, 0.63, 0.61, 0.31, 0.41, 0.31, 0.41, 0.31, 0.21, 0.42, 0.22, 0.12, 0.12, 0.41, 0.52, 0.52, 0.42, 0.41, 0.41, 0.41, 0.22, 0.21, 0.21, 0.31, 0.32, 0.31, 0.31, 0.32, 0.31, 0.52, 0.62, 0.32, 0.22, 0.22, 0.22, 0.22, 0.52, 0.22, 0.42, 0.21, 0.31, 0.32, 0.41, 0.31, 0.21, 0.41, 0.52, 0.21, 0.31, 0.31, 0.41, 0.73, 0.11, 0.21, 0.32, 0.22, 0.32, 0.51, 0.31, 0.21, 0.32, 0.32, 0.21, 0.22, 0.41, 0.42, 0.52, 0.52, 0.21, 0.31, 0.32, 0.32, 0.32, 0.22, 0.41, 0.12, 0.31, 0.21, 0.41, 0.31, 0.52, 0.22, 0.32, 0.22, 0.31, 0.21, 0.22, 0.22, 0.62, 0.22, 0.42, 0.62, 0.21, 0.32, 0.31, 0.42, 0.32, 0.52, 0.31, 0.22, 0.42, 0.22, 0.31, 0.31, 0.31, 0.41, 0.22, 0.22, 0.21, 0.52, 0.42, 0.62, 0.92, 0.82, 0.52, 0.83, 0.72, 0.72, 1.13, 0.82, 0.82, 0.82, 0.52, 0.32, 0.52, 0.63, 0.41, 0.31, 0.82, 0.72, 0.72, 0.72, 0.32, 0.83, 0.32, 0.52, 0.72, 0.92, 0.42, 0.62, 0.32, 0.72, 0.41, 0.62, 0.62, 0.72, 0.31, 0.52, 0.41, 0.82, 0.41, 0.32, 0.52, 0.42, 0.21, 0.82, 0.41, 0.52, 0.62, 0.52, 0.83, 0.72, 0.41, 1.23, 0.52, 0.41, 0.52, 0.52, 1.02, 1.73, 1.32, 1.22, 1.42, 1.23, 2.12, 2.72, 1.12, 2.72, 2.02, 4.17, 2.62, 1.32, 1.63, 1.64, 1.73, 2.32, 3.32, 3.23, 3.93, 1.83, 2.02, 2.22, 1.82, 2.32, 3.54, 4.73, 4.33, 4.89, 3.04, 2.83, 2.63, 6.93, 2.62, 2.42, 4.02, 2.75, 2.62, 3.02, 5.74, 7.93, 3.54, 2.92, 2.99, 3.52, 2.72, 3.16, 2.52, 4.0, 2.95, 3.03, 3.12, 4.34, 4.14, 4.24, 5.05, 3.12, 4.06, 5.33, 3.63, 4.94, 3.35, 3.46, 7.24, 3.93, 3.22, 5.07, 4.12, 4.72, 3.83, 5.62, 4.83, 4.46, 4.24, 5.03, 4.33, 4.33, 3.23, 4.84, 3.62, 5.83, 4.62, 4.74, 4.63, 4.43, 4.04, 6.83, 6.33, 4.05, 6.44, 5.48, 5.56, 5.84, 5.98, 6.15, 5.92, 7.06, 7.13, 10.38, 8.44, 6.54, 7.24, 5.43, 12.75, 7.55, 8.28, 8.88, 6.04, 7.35, 7.43, 9.06, 6.73, 6.83, 8.64, 6.93, 4.64, 8.64, 7.83, 13.34, 7.95, 11.85, 9.78, 7.09, 13.0, 11.6, 7.46, 11.14, 17.86, 8.26, 13.46, 19.21, 8.64, 43.62, 14.4, 19.08, 26.1, 19.82, 16.24, 16.5, 19.74, 37.75, 14.74, 17.16, 29.68, 34.93, nan, nan, nan, nan, nan, nan, nan, nan, nan, nan]



###################  timing report on the "MathSAT wihtout support computation" setting  ###################

minimum runtime is: 0.064
maximum runtime is: 42.382
population standard deviation runtime is: 4.87542820678
average runtime is: 2.4690556962
-------------------------------------------------------------------------------------------------
for 405 models, the following shows runtimes in "MathSAT wihtout support computation" setting
each item in the following list is related to a model in the benchmarks.

[0.17, 0.09, 0.15, 0.07, 0.09, 0.1, 0.16, 0.07, 0.06, 0.18, 0.09, 0.18, 0.09, 0.18, 0.11, 0.14, 0.13, 0.13, 0.13, 0.16, 0.09, 0.09, 0.1, 0.18, 0.17, 0.16, 0.08, 0.19, 0.17, 0.12, 0.13, 0.13, 0.14, 0.14, 0.18, 0.15, 0.16, 0.07, 0.17, 0.19, 0.09, 0.09, 0.15, 0.18, 0.09, 0.18, 0.11, 0.1, 0.17, 0.18, 0.09, 0.18, 0.11, 0.08, 0.2, 0.1, 0.09, 0.08, 0.19, 0.17, 0.09, 0.23, 0.18, 0.17, 0.18, 0.09, 0.22, 0.19, 0.28, 0.19, 0.17, 0.27, 0.17, 0.14, 0.15, 0.17, 0.26, 0.18, 0.1, 0.14, 0.13, 0.12, 0.26, 0.28, 0.16, 0.25, 0.19, 0.23, 0.17, 0.15, 0.38, 0.18, 0.08, 0.07, 0.14, 0.26, 0.26, 0.15, 0.17, 0.19, 0.18, 0.18, 0.19, 0.18, 0.16, 0.2, 0.14, 0.2, 0.14, 0.15, 0.23, 0.33, 0.19, 0.14, 0.18, 0.17, 0.17, 0.21, 0.2, 0.19, 0.14, 0.2, 0.18, 0.24, 0.15, 0.19, 0.14, 0.2, 0.1, 0.13, 0.19, 0.25, 0.36, 0.08, 0.14, 0.23, 0.18, 0.17, 0.21, 0.22, 0.15, 0.2, 0.17, 0.18, 0.18, 0.18, 0.21, 0.25, 0.25, 0.19, 0.17, 0.18, 0.21, 0.22, 0.14, 0.22, 0.1, 0.19, 0.19, 0.17, 0.1, 0.18, 0.14, 0.17, 0.15, 0.21, 0.16, 0.17, 0.17, 0.35, 0.19, 0.15, 0.26, 0.13, 0.21, 0.27, 0.19, 0.23, 0.27, 0.15, 0.14, 0.19, 0.12, 0.2, 0.13, 0.22, 0.23, 0.19, 0.18, 0.15, 0.2, 0.18, 0.23, 0.44, 0.37, 0.23, 0.37, 0.28, 0.29, 0.5, 0.32, 0.4, 0.32, 0.47, 0.27, 0.22, 0.23, 0.36, 0.28, 0.36, 0.31, 0.24, 0.28, 0.28, 0.32, 0.27, 0.24, 0.31, 0.43, 0.36, 0.27, 0.29, 0.27, 0.38, 0.26, 0.27, 0.32, 0.28, 0.45, 0.36, 0.31, 0.14, 0.28, 0.21, 0.18, 0.12, 0.32, 0.2, 0.23, 0.24, 0.18, 0.36, 0.25, 0.24, 0.5, 0.46, 0.37, 0.21, 0.46, 0.45, 1.57, 1.18, 1.1, 1.26, 1.19, 1.89, 2.52, 1.11, 2.51, 1.79, 3.58, 2.33, 1.27, 1.57, 1.34, 1.46, 2.0, 3.02, 2.92, 3.43, 1.8, 1.95, 2.12, 1.57, 2.17, 3.1, 4.27, 3.9, 4.16, 2.73, 2.45, 2.23, 6.22, 2.28, 2.15, 3.64, 2.45, 2.42, 2.73, 5.16, 6.77, 3.19, 2.53, 2.75, 3.39, 2.53, 2.86, 2.16, 3.59, 2.78, 2.97, 2.94, 4.05, 3.74, 3.71, 4.85, 2.84, 4.0, 4.8, 3.49, 4.69, 3.06, 3.16, 6.89, 3.46, 2.95, 4.53, 3.91, 4.45, 3.51, 5.12, 4.49, 4.37, 3.85, 4.83, 4.07, 4.15, 2.87, 4.49, 3.35, 5.45, 4.07, 4.32, 4.33, 4.24, 3.68, 6.27, 5.54, 3.51, 5.83, 5.39, 4.87, 5.72, 5.41, 5.75, 5.31, 6.68, 6.27, 9.89, 7.48, 6.37, 6.46, 5.07, 10.91, 6.65, 7.4, 7.96, 5.42, 6.71, 7.25, 8.77, 6.54, 6.51, 8.0, 6.77, 4.45, 7.59, 7.02, 12.47, 7.27, 10.83, 8.39, 7.04, 12.28, 10.55, 6.74, 10.84, 16.6, 7.14, 12.36, 18.33, 7.41, 42.38, 13.31, 17.76, 24.3, 18.33, 15.01, 15.2, 18.25, 35.66, 13.5, 15.57, 27.69, 33.22, nan, nan, nan, nan, nan, nan, nan, nan, nan, nan]



